   6.5786483e+00  -4.3220076e+00   2.1299816e+01  -1.4748875e+01   5.6585949e-01   1.2060963e+01   5.3798052e+00   8.2581460e-01  -1.1286496e+01  -2.2546434e+01  -2.5653724e+01  -2.0350541e+01  -2.4273270e+01  -2.4146584e+01  -2.4054232e+01   0.0000000e+00   0.0000000e+00   0.0000000e+00   0.0000000e+00   0.0000000e+00   0.0000000e+00   0.0000000e+00  -2.8238091e+01  -5.8095971e+00  -1.4860267e+01  -2.7978988e+01  -2.7950748e+01  -2.6931868e+01   2.8018732e+01  -2.7149895e+01  -1.5163244e+01  -2.6835150e+01
   2.5895653e+00   2.8284271e+01  -1.2130043e-01   7.6628957e+00   7.4619449e+00  -1.2911462e+00   7.0815629e+00   3.0865177e-01  -8.1398833e+00  -2.2490800e+01  -2.1172593e+01  -1.9916531e+01  -2.1683426e+01  -2.2998813e+01  -2.1692945e+01   0.0000000e+00   0.0000000e+00   0.0000000e+00   0.0000000e+00   0.0000000e+00   0.0000000e+00   0.0000000e+00  -2.2068048e+01  -1.8999763e+01  -2.6271295e+01  -2.3971397e+01  -2.7738704e+01  -2.6023871e+01  -2.7313149e+01  -2.4927881e+01  -2.7007301e+01  -2.7062451e+01
   1.8174568e+00  -4.9155751e+00  -7.2606093e+00  -4.5849335e+00  -1.1864834e+00  -4.1625578e+00   4.4580785e-01  -1.6309751e+00  -1.7594915e+01  -1.7091100e+01  -2.4135120e+01  -2.0763507e+01  -1.4790445e+01  -2.2306967e+01  -2.0331228e+01  -2.1798541e+01  -2.5510183e+01  -2.7760895e+01  -2.8275812e+01  -2.8283941e+01  -2.8283866e+01  -2.8073494e+01  -2.7622535e+01  -2.7996726e+01  -2.7752905e+01  -2.7919403e+01  -2.7562502e+01  -2.8247823e+01  -2.7397556e+01  -2.5252663e+01  -2.7495449e+01  -2.7777066e+01
  -1.9881037e+00   2.7456891e+00  -5.2222210e+00   7.9335854e+00  -3.9829640e+00   7.3114690e-01   1.7805129e+00   2.4170781e-01  -4.2120993e+00  -1.8116583e+01  -2.1550774e+01  -1.3360615e+01  -2.0499735e+01  -2.0922830e+01  -2.0380378e+01  -2.3372931e+01  -2.5363288e+01  -2.7305176e+01  -2.7716703e+01  -2.8089337e+01  -2.8254573e+01  -2.8235891e+01  -2.8277847e+01  -2.7577971e+01  -2.8040667e+01  -2.7706024e+01  -2.7455791e+01  -2.7464816e+01  -2.6262318e+01  -2.7693221e+01  -2.8220098e+01  -2.1296273e+01
   2.3531495e+01  -2.2616098e+00   6.6710268e+00  -2.6076604e+00   7.7205671e-01   3.0932296e+00  -6.8506770e-01   1.7418419e+00  -2.0693890e+00  -5.9979163e+00  -1.7163599e+01  -1.8473221e+01  -1.7484796e+01  -1.9618879e+01  -2.2026294e+01  -2.0364845e+01  -2.2332854e+01  -2.5068289e+01  -2.5572511e+01  -2.7918225e+01  -2.7911164e+01  -2.7650454e+01  -2.7962935e+01  -2.8119343e+01  -2.8151537e+01  -2.8081932e+01  -2.8268473e+01  -1.4719388e+01  -2.8199364e+01  -2.8074837e+01  -2.6157809e+01  -2.8104916e+01
   1.3741529e-01  -5.2474427e-01   5.5769663e+00  -3.8638638e+00  -1.0586760e+00   7.7794507e-01  -9.8010495e-01   4.5711295e-01  -3.8560089e+00  -2.1138081e+01  -8.4538672e+00  -1.1912634e+01  -1.9806585e+01  -1.7882076e+01  -1.9680865e+01  -1.9590012e+01  -2.1565941e+01  -1.9809425e+01  -2.6027044e+01  -2.7355731e+01  -2.7734181e+01  -2.7991562e+01  -2.8280563e+01  -2.2196766e+01  -2.8242947e+01  -2.8269787e+01  -2.8066101e+01  -2.8273315e+01  -2.7883572e+01  -2.3946673e+01  -2.7942768e+01  -2.7967461e+01
  -6.2060118e+00   2.3927114e+01   3.5824324e+00   6.5633867e+00  -5.8739273e+00   3.5633740e-01   5.0142590e+00  -2.7626292e+00  -1.8200306e+00  -1.5838187e+01  -1.9365968e+01  -6.4457961e+00  -1.5263010e+01  -1.7918124e+01  -2.0240407e+01  -1.9825512e+01  -1.9469187e+01  -1.9710995e+01  -1.9100362e+01  -2.2338606e+01  -2.2136067e+01  -2.8259966e+01  -2.7196430e+01  -2.7834847e+01  -2.7266257e+01  -2.7491872e+01  -2.8020456e+01  -2.7611065e+01  -2.6661634e+01  -2.7387777e+01  -2.6000037e+01  -2.7793763e+01
   4.3434648e-01   6.6054344e+00  -1.6978318e+00   9.2880494e+00   2.2030212e+00   1.1574401e+00   2.3097424e+00  -1.4688790e+00   1.6518831e+00  -1.1575070e+01  -1.6065085e+01  -1.8560926e+01  -1.0685609e+01  -1.9256262e+01  -2.0013026e+01  -2.0156807e+01  -2.0001056e+01  -2.0835153e+01  -2.2676441e+01  -2.2570565e+01  -2.2060635e+01  -2.2220406e+01  -2.8080500e+01  -2.8268284e+01  -2.7033614e+01  -2.7145657e+01  -2.7594173e+01  -2.7872535e+01  -2.7405359e+01  -2.8054173e+01  -2.7532298e+01  -2.5089127e+01
  -2.5594088e-01   6.8616572e-01  -1.6498825e+00  -3.8581393e+00   1.3410817e-02  -1.2620422e+00   1.9922970e+00   7.3129115e-01  -5.5978061e+00  -6.8778870e+00  -1.7474112e+01  -1.8031716e+01  -2.1404676e+01  -2.1833135e+01  -2.0975329e+01  -1.7873340e+01  -2.0514674e+01  -2.0613784e+01  -2.1236298e+01  -1.6762204e+01  -2.0835715e+01  -2.2404566e+01  -2.2582985e+01  -2.6453764e+01  -2.6621005e+01  -2.6766816e+01  -2.6894726e+01  -2.7007462e+01  -2.7107242e+01  -2.7196044e+01  -2.7275262e+01  -2.7346223e+01
   5.7388054e+00   8.1951912e+00   3.7099876e+00  -2.8334656e+00   3.4555676e-01   1.7914614e+00   1.0921471e-01   3.1355270e+00  -9.4637989e+00  -8.6887711e+00  -1.6023486e+01  -1.7835168e+01  -1.3002258e+01  -1.7673731e+01  -1.6140526e+01  -2.2497651e+01  -2.1415714e+01  -1.8913512e+01  -2.1920614e+01  -2.1132699e+01  -2.1042698e+01  -2.1058229e+01  -2.1185393e+01  -2.1406259e+01  -2.6167465e+01  -2.6348992e+01  -2.6508637e+01  -2.6649856e+01  -2.6775303e+01  -2.6887183e+01  -2.6987338e+01  -2.7077313e+01
   1.0251867e+01  -5.4349459e+00   7.5694616e+00   5.7641728e+00  -4.5987346e-01   2.9033643e+00  -2.1666574e-01   2.1920929e+00  -7.5755618e+00  -6.0515653e+00  -1.1249403e+01  -7.2489327e+00  -1.8106412e+01  -1.6838604e+01  -2.1349910e+01  -2.0460903e+01  -2.1247217e+01  -2.2274436e+01  -1.9267563e+01  -1.9414194e+01  -2.0863050e+01  -2.1466851e+01  -2.1221568e+01  -2.0924243e+01  -2.2288247e+01  -2.5898005e+01  -2.6090673e+01  -2.6261288e+01  -2.6413458e+01  -2.6549590e+01  -2.6671794e+01  -2.6781851e+01
   6.1413896e+00  -2.5483844e+00   1.1563309e+01  -1.2799169e+00  -6.2500013e-01   2.3352364e+00  -9.0824728e-01  -7.5781025e-01  -2.8211588e+00  -1.1256363e+01  -8.1396124e+00  -1.5413979e+01  -1.6970247e+01  -1.8318137e+01  -1.9480592e+01  -2.3013881e+01  -2.1343604e+01  -2.3471273e+01  -2.1633200e+01  -1.9268623e+01  -2.0125091e+01  -2.0485533e+01  -2.0241600e+01  -1.9555300e+01  -2.0293920e+01  -1.8374441e+01  -2.7586605e+01  -2.5846601e+01  -2.6025903e+01  -2.6186926e+01  -2.6331898e+01  -2.6462807e+01
   1.5124383e+01  -1.5588817e+00  -9.6498665e+00  -5.4652588e+00  -2.1553511e+00   9.0480096e-01   2.2726125e+00  -1.1372601e+00   9.0134558e-01  -9.0318765e+00  -1.7550616e+01  -1.4303532e+01  -8.1365533e+00  -1.7293649e+01  -8.9561331e+00  -1.9529445e+01  -2.0439343e+01  -1.9918350e+01  -2.4255669e+01  -2.0785404e+01  -2.0621403e+01  -2.0739818e+01  -1.8644149e+01  -1.9960683e+01  -2.0828097e+01  -2.2557285e+01  -1.7593518e+01  -2.5409702e+01  -2.5616785e+01  -2.5802879e+01  -2.5970935e+01  -2.6123111e+01
   9.9309022e+00  -3.4961553e+00   5.7670777e+00  -4.0303731e+00  -2.4629251e-01  -8.4497196e-01   2.5273806e+00  -1.3863762e+00   6.3582976e+00  -8.6841693e+00  -1.2268860e+01  -4.6128764e+00  -7.2963278e+00  -1.6348484e+01  -1.7555811e+01  -1.9998453e+01  -1.9570244e+01  -2.0403881e+01  -2.1591491e+01  -2.3207669e+01  -2.0817284e+01  -2.5723086e+01  -2.1685364e+01  -2.1783753e+01  -2.0186738e+01  -1.9792527e+01  -1.9914036e+01  -1.8030939e+01  -2.5189623e+01  -2.5401045e+01  -2.5592138e+01  -2.5765668e+01
   9.2516168e+00  -1.6289177e+00   3.5093891e+00  -9.2082469e+00  -3.2848153e+00  -1.2458564e+00   4.1156552e-01   7.0236147e-01  -7.3519927e+00  -9.2520381e+00  -1.1486583e+01  -7.2697972e+00  -1.4133446e+01  -1.5478540e+01  -1.6688190e+01  -1.7772278e+01  -2.1802845e+01  -1.9604468e+01  -2.0373765e+01  -2.1060115e+01  -2.2626412e+01  -2.4727756e+01  -2.2912223e+01  -2.2029835e+01  -2.1294448e+01  -2.1529642e+01  -1.7633251e+01  -2.0483791e+01  -1.5270360e+01  -2.4984451e+01  -2.5198629e+01  -2.5393311e+01
   8.6551608e+00   6.8595496e+00   4.9713333e+00  -1.2956621e+01   9.2228326e-01  -4.9639249e-01   2.2140446e+00  -4.4990841e+00  -3.1422653e+00  -8.6551100e+00  -1.0799422e+01  -3.6286963e+00  -6.6442921e+00  -1.4678297e+01  -1.5881653e+01  -1.6970565e+01  -1.7953559e+01  -2.3787375e+01  -1.9633786e+01  -2.7087088e+01  -2.0990322e+01  -2.1566942e+01  -1.6658703e+01  -2.2678267e+01  -2.1773180e+01  -2.0967543e+01  -1.9544224e+01  -1.8057975e+01  -1.7932125e+01  -2.0448750e+01  -2.4792879e+01  -2.5008751e+01
   8.1273494e+00   6.4270241e+00   4.6498947e+00   2.8133924e+00  -5.8389454e+00  -4.4510812e-01  -7.5636385e-01   1.8265914e+00  -6.1325189e+00  -8.1274121e+00  -9.7368578e+00  -8.0347910e+00  -1.2648307e+01  -5.3848986e+00  -1.5133216e+01  -1.6219964e+01  -1.7209047e+01  -1.8107411e+01  -1.8921191e+01  -1.9658659e+01  -2.1285009e+01  -2.0928924e+01  -2.1474891e+01  -2.3532077e+01  -2.2222860e+01  -2.1241685e+01  -2.0733715e+01  -1.9548049e+01  -1.6556568e+01  -1.4720979e+01  -1.1601267e+01  -2.4614207e+01
   7.6577687e+00   6.0442605e+00   4.3664376e+00   2.6400544e+00   5.4626984e-01  -3.0103411e+00   2.2546028e+00   2.4789571e+00  -6.4401522e+00  -7.6578670e+00  -9.1950602e+00  -3.8994142e+00  -1.2004502e+01  -1.3269009e+01  -1.4440206e+01  -1.5518348e+01  -1.6507720e+01  -1.7413043e+01  -1.8239705e+01  -1.8993438e+01  -1.9680338e+01  -2.4603868e+01  -2.0874633e+01  -1.6694303e+01  -2.1865695e+01  -2.3079633e+01  -2.0740369e+01  -1.8861607e+01  -1.8231690e+01  -1.1750152e+01  -2.3957578e+01  -2.4213138e+01
   7.2376653e+00   5.7036059e+00   4.1151915e+00   2.4860121e+00   8.3137533e-01  -3.9845023e+00  -2.3174474e+00   2.6335103e+00   1.8735896e+00  -7.2369839e+00  -2.2942176e+01  -7.3605529e-01  -1.1415980e+01  -4.3759462e+00  -1.3797329e+01  -1.4863183e+01  -1.5847942e+01  -1.6755332e+01  -1.7589483e+01  -1.8354982e+01  -1.9056641e+01  -1.9699529e+01  -2.0287782e+01  -2.2002038e+01  -2.2002966e+01  -2.1772529e+01  -2.5139759e+01  -2.3157046e+01  -1.8697489e+01  -1.6159404e+01  -1.6481712e+01  -2.3805990e+01
   6.8598771e+00   5.3986092e+00   3.8910211e+00   2.3488809e+00   7.8531021e-01  -1.6183613e+00   1.1037107e+00   2.9644713e+00   6.4175135e+00   2.2724978e+01  -8.2652488e+00  -1.8478246e+01  -1.0947229e+01  -4.6583458e+00  -1.3201615e+01  -1.4251625e+01  -1.5227948e+01  -1.6133230e+01  -1.6970563e+01  -1.7743559e+01  -1.8456141e+01  -1.9112379e+01  -1.9716355e+01  -2.0272336e+01  -2.4674690e+01  -2.6131208e+01  -2.1687603e+01  -2.2086371e+01  -1.8665670e+01  -1.7011555e+01  -1.5056047e+01  -7.0873889e+00
   6.5185103e+00   5.1240473e+00   3.6898108e+00   2.2260425e+00   7.4422233e-01   2.2690218e+00   1.8755085e+00  -3.6869817e+00   2.6831023e+01  -6.5162204e+00  -7.8648797e+00  -1.3814990e+01  -8.9465461e+00  -1.1549995e+01  -1.2648786e+01  -1.3680704e+01  -1.4645671e+01  -1.5545502e+01  -1.6382452e+01  -1.7159313e+01  -1.7879244e+01  -1.8545619e+01  -1.9161908e+01  -1.9731583e+01  -2.0258244e+01  -2.0744824e+01  -2.1194431e+01  -2.5294916e+01  -2.5965728e+01  -1.5358414e+01  -1.3747261e+01  -2.2985320e+01
   6.2086817e+00   4.8756521e+00   3.5082321e+00   2.1153792e+00   7.0690013e-01  -2.7775792e-01   7.8576708e+00   2.0894995e+01  -4.8734226e+00  -6.2087234e+00  -7.4997614e+00  -8.7428561e+00  -1.7424046e+01  -1.1977621e+01  -4.5130612e+00  -1.3147175e+01  -1.4098892e+01  -1.4990634e+01  -1.5824282e+01  -1.6601950e+01  -1.7326143e+01  -1.7999628e+01  -1.8625323e+01  -1.9206208e+01  -1.9745254e+01  -2.0245371e+01  -2.0709372e+01  -2.1140131e+01  -2.1539698e+01  -1.9631350e+01  -1.5721735e+01  -1.0200196e+01
   5.9263192e+00   4.6499055e+00   3.3435654e+00   2.0151709e+00   6.7343716e-01   3.3609392e+00  -5.0552482e-03  -3.3424548e+00  -4.6498900e+00  -5.9263776e+00  -7.1660858e+00  -8.3632046e+00  -9.5132849e+00  -8.1532729e+00  -1.5473958e+01  -1.2649282e+01  -1.3585349e+01  -1.4466948e+01  -1.5294934e+01  -1.6070860e+01  -1.6796679e+01  -1.7474632e+01  -1.8107149e+01  -1.8696767e+01  -1.9246063e+01  -1.9757602e+01  -2.0233894e+01  -2.0677366e+01  -2.1090338e+01  -2.1474341e+01  -3.1725012e+00  -1.3488615e+01
   5.6680172e+00   4.4438935e+00   3.1935747e+00   1.9240100e+00   6.4266277e-01  -6.4246120e-01  -1.9239122e+00  -3.1935731e+00  -4.4438935e+00  -5.6680726e+00  -6.8599566e+00  -8.0142542e+00  -9.1266119e+00  -1.0193547e+01  -1.1213102e+01  -1.2182896e+01  -1.3102829e+01  -1.3972718e+01  -1.4793155e+01  -1.5565235e+01  -1.6290448e+01  -1.6970585e+01  -1.7607648e+01  -1.8203777e+01  -1.8761191e+01  -1.9282133e+01  -1.9768830e+01  -2.0223463e+01  -2.0648143e+01  -2.1044886e+01  -2.1415062e+01  -2.1761876e+01
