  -2.8201049e+01  -2.0986463e+01  -2.8225694e+01  -2.7559951e+01  -2.5359715e+01  -1.0507367e+01  -2.4902891e+01  -1.8794403e+01   2.2478531e+00  -4.6690795e+00  -8.9136518e-01  -3.5394574e+00  -4.0369666e+00  -1.2907412e+00  -2.8134538e+00   0.0000000e+00   0.0000000e+00   0.0000000e+00   0.0000000e+00   0.0000000e+00   0.0000000e+00   0.0000000e+00  -1.1796531e+01  -2.7826291e+01  -1.0939483e+01  -1.5473551e+01  -1.3090136e+01  -9.8482957e+00  -9.5295209e+00  -2.7733887e+01  -8.9452837e+00  -8.6768241e+00
  -2.8134694e+01   2.7927943e+01  -2.8220763e+01  -2.7255443e+01  -2.6514586e+01  -2.7857171e+01  -7.8496010e+00  -2.3014903e+01   3.8146356e+00  -2.7545514e+01  -1.9436662e+01  -1.8363306e+01  -1.7363732e+01   6.0089035e-01   2.6162556e+01   0.0000000e+00   0.0000000e+00   0.0000000e+00   0.0000000e+00   0.0000000e+00   0.0000000e+00   0.0000000e+00  -1.9613509e+01  -1.9108039e+01  -1.0700409e+01  -1.1485487e+01  -9.3601273e+00  -8.9442786e+00  -8.6480778e+00  -2.3983985e+01  -8.1070130e+00  -7.8598773e+00
   2.5840305e+01  -2.8266535e+01  -2.7923456e+01  -2.7982650e+01  -2.6083671e+01  -2.4800671e+01  -2.3416962e+01  -2.2017462e+01  -2.7765902e+01  -1.9367380e+01  -9.6621856e+00  -1.7058183e+01  -1.6045806e+01  -1.5121320e+01  -1.4278562e+01   2.1634914e+01   2.1169202e+01   4.8471946e+00   3.9887979e+00  -3.7520262e+00  -8.3970350e-01  -1.3778104e+01  -1.1320857e+01  -7.0648568e+00  -8.9442546e+00  -9.6031292e+00  -8.2992409e+00  -8.0088554e+00  -7.7390740e+00  -2.1464375e+01  -7.2455314e+00  -2.0530195e+01
  -2.8111235e+01  -2.8109684e+01  -2.7941207e+01  -2.6826598e+01  -2.5484463e+01  -2.8269947e+01  -2.2326627e+01  -2.1343413e+01  -2.8266722e+01  -2.8215656e+01  -1.6673136e+01  -1.5556077e+01  -1.4552138e+01  -1.3650124e+01  -1.2837922e+01   2.1111385e+01   1.4381134e+01   1.2535652e+01  -1.0304707e+01  -9.8109755e+00  -1.0142280e+01  -8.1735904e+00  -1.5015353e+01  -2.6775631e+00  -7.8857069e+00  -7.5851487e+00  -7.3046396e+00  -7.0445456e+00  -2.6484909e+01  -2.6069976e+01  -6.3612981e+00  -1.2476046e+01
  -2.8046724e+01  -2.8257563e+01  -2.8207678e+01  -2.4933971e+01  -2.4623169e+01  -2.2746091e+01  -2.0001064e+01  -1.9149326e+01   7.2619413e+00  -1.6172783e+01  -1.4932285e+01  -1.3838103e+01  -1.2872184e+01  -1.2018181e+01  -1.1259559e+01  -1.0582522e+01  -9.9773262e+00   9.1488980e+00   3.1571497e+00  -1.1060319e+01  -9.4405392e-01  -1.7494774e+01  -1.5844914e+01  -7.0763422e+00  -6.7910598e+00  -1.7099423e+01  -6.2803105e+00   3.9878681e+00  -9.7165062e+00  -5.6424882e+00  -5.3848056e+00  -5.2820758e+00
  -2.7938252e+01  -2.6529393e+01  -2.7329268e+01  -2.6630640e+01  -2.3343483e+01  -2.5467703e+01  -1.8976514e+01  -1.7114952e+01  -2.3073318e+01  -1.7602299e+01  -1.3818925e+01  -1.1892392e+01  -2.9283088e+00  -1.0224300e+01  -4.9771094e+00  -5.9299429e+00  -1.3350832e+01  -6.8848564e+00  -1.5061707e+01  -6.8612099e+00  -1.3401503e+01   1.1243981e+01  -2.8813323e+00   1.3095118e+01  -8.9375311e+00  -6.8120303e-01  -6.7575144e+00  -1.9293739e+01  -4.8578957e+00  -4.6899315e+00  -4.5337767e+00  -4.3875759e+00
  -2.7735191e+01  -2.8190319e+01  -2.7267360e+01  -1.8495005e+01  -2.1374003e+01  -2.5115447e+01  -1.6349738e+01  -1.9994351e+01  -1.2171718e+01  -1.1704460e+01  -1.0626839e+01  -1.4673603e+01  -1.1548871e+01   1.0323471e+01  -2.2991675e+00  -7.1976365e+00  -7.1808584e+00  -6.3597538e+00  -4.6517431e+00  -9.9264221e+00  -5.4078696e+00   6.2181113e+00  -4.9146820e+00  -4.6980141e+00  -1.2909048e+01  -4.3220282e+00  -1.4770931e+01  -4.0011809e+00  -3.8560009e+00  -3.7219010e+00  -3.5967500e+00  -3.4796842e+00
   6.2642154e+00  -2.8167935e+01  -2.4783562e+01  -2.1890340e+01  -9.8934475e+00  -1.9743645e+01  -1.7664364e+01  -1.1391854e+01  -1.0031664e+01  -1.3573877e+01  -8.3834611e+00  -7.6976650e+00  -6.7166663e+00  -3.2997200e+00  -1.5794920e+01  -1.0238464e+00   6.1966259e+00  -1.4595829e+00   2.2176153e+00  -4.2139281e+00   4.9209306e+00  -2.9219149e+00  -3.6280106e+00  -2.8931822e-01  -7.2801402e+00  -3.1879678e+00  -1.8081807e+01  -2.9476987e+00  -2.8399512e+00  -2.7403827e+00  -2.6475297e+00  -2.5607414e+00
  -2.5998309e+01  -6.9527349e+00   5.1844213e+00  -1.7364466e+01  -1.8088040e+01  -1.9265682e+01  -8.9456138e+00  -1.1711478e+01  -1.4281809e+01  -6.6367594e+00  -8.9400171e+00  -4.7612203e+00  -1.4403853e+01  -1.1902978e+01  -1.3316521e+01  -3.8590806e+00  -3.2239946e+00  -1.0028594e+00   1.1668652e+01  -2.6991534e+00  -2.5601113e+00   2.5552116e+00   1.7029652e+00   2.7784149e+00  -1.9461243e+00  -2.0358447e+00  -1.9563031e+00  -1.8814528e+00  -1.8126870e+00  -1.7487708e+00  -1.6892008e+00  -1.6335513e+00
  -2.4853985e+01  -2.5230890e+01  -1.3410603e+01  -1.9484984e+01  -2.2507244e+01  -1.4079943e+01  -1.4669484e+01  -1.4397823e+01  -2.9119902e+00  -8.6768997e+00   9.6955359e-01  -1.1359416e+01   4.4956777e+00  -1.7285443e+00  -1.5988866e+00  -1.4866141e+00  -1.3893493e+00  -1.3039373e+00  -1.2279364e+00  -1.1613766e+00  -1.1011455e+00  -1.0466187e+00  -9.9745481e-01  -9.5246430e-01  -9.1190726e-01  -8.7435308e-01  -8.3975654e-01  -8.0779240e-01  -7.7817150e-01  -7.5064536e-01  -7.2499943e-01  -7.0104854e-01
  -2.7759812e+01   1.9998689e+01  -2.3347430e-01  -1.8762158e+01  -1.3451320e+01  -2.1271010e+01  -1.7507259e+01   1.1279682e+00  -8.1178871e+00  -1.0331943e+01  -1.1330637e+01   6.8869790e-01   6.2866724e-01   5.7711444e-01   5.3357051e-01   4.9613894e-01   4.6361429e-01   4.3509116e-01   4.0987396e-01   3.8741943e-01   3.6729723e-01   3.4916194e-01   3.3273312e-01   3.1778076e-01   3.0411437e-01   2.9157493e-01   2.8002856e-01   2.6936180e-01   2.5947781e-01   2.5029348e-01   2.4173708e-01   2.3374668e-01
  -2.4860750e+01   4.6761393e+00  -1.6797573e+01  -1.7972602e+01  -8.6213654e+00  -2.2158373e+01  -2.3424677e+00  -1.1790199e+01   4.8039064e+00  -1.0624442e+01   3.7865875e+00   3.4239264e+00   3.1234753e+00   2.8712407e+00   2.6565322e+00   2.4715856e+00   2.3106338e+00   2.1693046e+00   2.0442248e+00   1.9327506e+00   1.8327810e+00   1.7426258e+00   1.6609096e+00   1.5865023e+00   1.5184668e+00   1.4560191e+00   1.3984988e+00   1.3453456e+00   1.2960807e+00   1.2502931e+00   1.2076273e+00   1.1677767e+00
  -2.1005897e+01  -1.4894633e+01  -1.1000517e+01   1.9996614e+01  -7.4752351e+00   1.3231420e+01  -5.1550215e+00   9.5790832e+00   8.3834158e+00   7.4414780e+00   6.6850225e+00   6.0643542e+00   5.5470020e+00   5.1095966e+00   4.7352028e+00   4.4112878e+00   4.1283969e+00   3.8792743e+00   3.6582646e+00   3.4608986e+00   3.2836002e+00   3.1234752e+00   2.9781576e+00   2.8456942e+00   2.7244597e+00   2.6130902e+00   2.5104334e+00   2.4155090e+00   2.3274781e+00   2.2456183e+00   2.1693046e+00   2.0979964e+00
  -2.0281655e+00   5.8008278e+00   2.6397301e+01  -1.1282077e+01  -2.3237299e+01   1.7180101e+01   1.4886987e+01   1.3049017e+01   1.1569848e+01   1.0366879e+01   9.3758399e+00   8.5487474e+00   7.8500069e+00   7.2530686e+00   6.7379223e+00   6.2893001e+00   5.8954037e+00   5.5470020e+00   5.2367867e+00   4.9589072e+00   4.7086308e+00   4.4820925e+00   4.2761076e+00   4.0880301e+00   3.9156449e+00   3.7570842e+00   3.6107629e+00   3.4753272e+00   3.3496145e+00   3.2326209e+00   3.1234752e+00   3.0214225e+00
   4.9028145e+00   7.9901266e+00   6.2341539e+00   8.3822507e-01   7.3943587e+00   1.9998934e+01   1.7795903e+01   1.5904249e+01   1.4303903e+01   1.2952969e+01   1.1808688e+01   1.0833301e+01   9.9956776e+00   9.2708121e+00   8.6387958e+00   8.0837896e+00   7.5931456e+00   7.1567054e+00   6.7662529e+00   6.4150943e+00   6.0977351e+00   5.8096321e+00   5.5470020e+00   5.3066731e+00   5.0859694e+00   4.8826189e+00   4.6946819e+00   4.5204933e+00   4.3586162e+00   4.2078048e+00   4.0669740e+00   3.9351804e+00
   2.8000191e+01   2.8252199e+01   2.7514693e+01   1.4129023e+01   7.6450549e+00   1.0187088e+01   7.6752572e+00   1.2052119e+01   1.6588419e+01   1.5185127e+01   1.3961272e+01   1.2894117e+01   1.1961007e+01   1.1141720e+01   1.0418918e+01   9.7780242e+00   9.2068963e+00   8.6954472e+00   8.2352941e+00   7.8194532e+00   7.4420841e+00   7.0982818e+00   6.7839069e+00   6.4954494e+00   6.2299182e+00   5.9847522e+00   5.7577481e+00   5.5470020e+00   5.3508612e+00   5.1678855e+00   4.9968143e+00   4.8365475e+00
   2.8082822e+01   2.8261671e+01   2.7735008e+01   2.6611854e+01   1.5701344e+01   2.0675893e+01   2.0653085e+01   1.0353259e+01   1.1283877e+01   1.7079326e+01   1.5834937e+01   1.4724998e+01   1.3736056e+01   1.2854362e+01   1.2066598e+01   1.1360703e+01   1.0726058e+01   1.0153462e+01   9.6350024e+00   9.1639052e+00   8.7343740e+00   8.3414470e+00   7.9808688e+00   7.6489806e+00   7.3426268e+00   7.0590776e+00   6.7959628e+00   6.5512178e+00   6.3230380e+00   6.1098402e+00   5.9102315e+00   5.7229902e+00
   2.8134151e+01   2.8267470e+01   2.7873021e+01   2.7013290e+01   2.5809224e+01   1.7483784e+01   2.0776487e+01   1.3038976e+01   1.9999046e+01   1.7835189e+01   1.2459878e+01   1.6333073e+01   1.5321630e+01   1.4405770e+01   1.3576773e+01   1.2825708e+01   1.2144100e+01   1.1524178e+01   1.0958279e+01   1.0442384e+01   9.9685589e+00   9.5338470e+00   9.1330003e+00   8.7622194e+00   8.4199484e+00   8.1017914e+00   7.8058306e+00   7.5299279e+00   7.2721913e+00   7.0309487e+00   6.8047188e+00   6.5921955e+00
   2.8168128e+01   2.8271294e+01   2.7965097e+01   2.7287642e+01   2.6315921e+01   2.5143783e+01  -2.8279687e+01   7.7479383e-01   1.3737313e+01  -8.9173176e+00   1.3295595e+01   2.0284062e+01   1.6726541e+01   1.5799607e+01   1.4949874e+01   1.4170344e+01   1.3457153e+01   1.2803034e+01  -5.9226305e+00   1.1649393e+01   2.5626608e+00   1.0670823e+01   1.0236019e+01  -3.0372546e+00   9.4578705e+00   9.1097304e+00   8.7843613e+00   8.4803762e+00   8.1957546e+00   7.9288218e+00   7.6780529e+00   7.4420945e+00
   2.8191766e+01   2.8273947e+01   2.8029499e+01   2.7482910e+01   2.6685082e+01   2.5701241e+01   8.7570561e-01  -3.8275328e+00   1.2352635e+01   9.7782357e+00   7.0820100e+00   1.9859611e+01   2.0501148e+01   1.7044283e+01   1.6188517e+01  -1.7360982e+01  -1.3666533e+01   6.3556565e+00   1.3365060e+01   3.0454530e+00   1.2249118e+01   3.0660669e+00   1.1288450e+01   1.0856851e+01   7.6578083e+00   1.0080225e+01   8.9443645e+00   9.3998350e+00   9.0915613e+00   8.8014197e+00   8.5283118e+00   8.2708787e+00
   2.8208867e+01   2.8275862e+01   2.8076265e+01   2.7626502e+01   2.6961434e+01   2.6127660e+01   2.7987143e+01   2.4149616e+01   2.3091403e+01   2.2033189e+01   1.5262328e+01   1.9010395e+01   1.5860699e+01   1.8149916e+01  -2.4994142e+01   1.6513987e+01   1.5777067e+01   1.5089429e+01   1.4448347e+01   1.3850248e+01   1.3293402e+01   1.2773220e+01   1.2287962e+01   6.9397885e+00  -3.5070388e+00   1.1011235e+01   8.9708966e+00   3.7166513e+00   9.9574667e+00   9.6473822e+00   9.3538878e+00   9.0770087e+00
   2.8221634e+01   2.8277290e+01   2.8111277e+01   2.7735010e+01   2.7173101e+01   2.6459263e+01   2.8654941e+00   2.4724965e+01   2.3774939e+01   2.2808575e+01   2.1847184e+01   1.8490037e+01   1.9372940e+01   2.4936361e+01   1.8305862e+01   1.7526172e+01   1.6790928e+01   1.6099689e+01   1.5450786e+01   1.4842112e+01   1.4271339e+01   1.3736056e+01   1.3233860e+01   1.2762210e+01   1.2318934e+01   1.1903044e+01   1.1510979e+01   1.1141282e+01   1.0793667e+01   1.7185314e+01   1.0154285e+01   9.8592242e+00
   2.8231415e+01   2.8278383e+01   2.8138159e+01   2.7818915e+01   2.7338489e+01   2.6721990e+01   2.7810364e+01   2.5194865e+01   2.4340784e+01   2.3460019e+01   2.2572017e+01   2.1691996e+01   1.6840612e+01   2.1484519e+01   1.9201003e+01   1.8438129e+01   1.7713093e+01   1.7026107e+01   1.6376607e+01   1.5763452e+01   1.5185132e+01   1.4639917e+01   1.4125966e+01   1.3641406e+01   1.3184387e+01   1.2753111e+01   1.2345860e+01   1.1961007e+01   1.1597029e+01   1.1253297e+01   2.1005112e+01   1.0617000e+01
   2.8239074e+01   2.8279238e+01   2.8159240e+01   2.7885080e+01   2.7469986e+01   2.6932711e+01   2.6295614e+01   2.5581178e+01   2.4812704e+01   2.4010408e+01   2.3191891e+01   2.2371603e+01   2.1560747e+01   2.0768382e+01   1.9999967e+01   1.9259962e+01   1.8550833e+01   1.7873878e+01   1.7229473e+01   1.6617322e+01   1.6036656e+01   1.5486384e+01   1.4965207e+01   1.4471711e+01   1.4004426e+01   1.3561872e+01   1.3142592e+01   1.2745174e+01   1.2368264e+01   1.2010582e+01   1.1671385e+01   1.1348089e+01
