  -2.1692130e+00  -2.3487727e+00  -2.5606200e+00  -2.8142615e+00  -3.1233333e+00  -3.5080739e+00  -3.9998217e+00  -4.6489543e+00   2.6948438e+01   1.8532268e+01   1.7199815e+01   1.3848775e+01   7.1972553e+00   7.2935362e+00   9.5345718e+00   0.0000000e+00   0.0000000e+00   0.0000000e+00   0.0000000e+00   0.0000000e+00   0.0000000e+00   0.0000000e+00  -3.1235923e+00  -2.4417337e+01   1.8940514e+01   9.4923272e+00   2.8184416e+01  -1.0134638e+01  -1.8810897e+00  -1.7645693e+00  -1.6612405e+00  -1.5691960e+00
   9.7710041e-09   1.1406302e-08   1.2415945e-08   1.3615077e-08   1.5064682e-08   1.6859741e-08   9.8715358e-08   1.5599596e-03   2.8277089e+01   2.2093123e+01   2.6726146e+01   2.5103454e+01   1.9198569e+01   0.0000000e+00   2.0228354e+01   0.0000000e+00   0.0000000e+00   0.0000000e+00   0.0000000e+00   0.0000000e+00   0.0000000e+00   0.0000000e+00   2.2191168e+01  -8.9087118e+00   1.8096245e+01  -8.4328635e+00  -3.2266187e+00  -1.0436100e+01   1.4625348e+01  -7.2802471e+00  -8.7151600e+00  -7.2446265e+00
   2.1693118e+00   2.3488809e+00   2.5607376e+00   2.8143902e+00   3.1234753e+00   3.5082323e+00   4.0000092e+00   4.6514517e+00   2.5567097e+01   2.5830049e+01   2.4757212e+01   2.4271420e+01   2.1504535e+01   2.3063839e+01   2.7138551e+01   2.5918405e+01   1.1228709e+01   3.0282585e+00   1.1054897e+00   3.6157752e-01  -2.2997101e-01  -8.4173207e-01  -4.9024425e+00  -3.9944610e+00  -2.1887551e+00   2.7964770e-01  -3.2840875e+00  -5.5809085e+00  -5.9099644e+00  -5.1776108e+00  -1.5840078e+01  -9.8731166e+00
   4.3008408e+00   4.6499056e+00   5.0596443e+00   5.5470021e+00   6.1357201e+00   6.8599544e+00   7.7715450e+00   2.0421522e+01   2.7753341e+01   2.5725831e+01   2.5348029e+01   2.3311842e+01   2.4217614e+01   2.6119592e+01   2.7941830e+01   2.4167483e+01   2.2321345e+01   9.0533968e+00   5.7560229e+00   8.1166281e-01   3.3896272e+00  -1.0158907e+00  -5.9145429e-02   2.2017955e+00  -6.2196013e+00  -1.9091172e+00  -2.0335658e+00   3.9986526e+00  -1.9546467e-01  -8.6156419e+00  -4.7022090e+00  -1.1074062e+01
   6.3600076e+00   6.8599435e+00   7.4420842e+00   8.1274256e+00   8.9442721e+00   9.9319516e+00   2.4070804e+01   2.7183056e+01   2.7316925e+01   2.5701744e+01   2.5150228e+01   2.5003006e+01   2.5742600e+01   2.6359904e+01   2.8283638e+01   2.5611433e+01   2.4298850e+01   1.8294525e+01   9.5881895e+00   9.8418955e+00   6.9510166e+00   2.8212737e+00   6.9723357e-01  -1.2908770e+00   7.4400576e+00  -4.9389892e+00  -5.7192165e+00  -6.7536472e+00  -1.1593643e+00   5.2112048e+00  -5.0618117e+00   4.6488725e+00
   8.3180296e+00   8.9442720e+00   9.6659536e+00   1.0504515e+01   1.1487339e+01   1.2649629e+01   1.4034549e+01   2.5810480e+01   2.6756178e+01   2.5323685e+01   2.4567495e+01   2.5746967e+01   2.6405659e+01   2.7394038e+01   2.8159534e+01   2.7122399e+01   2.3825702e+01   2.3240573e+01   1.9876657e+01   1.7786417e+01   6.0000883e+00   9.8935436e-01   9.1539775e+00   6.3875333e+00  -4.0729706e+00   9.9881365e-01  -9.2408375e+00  -9.9952666e+00   7.2866343e+00   6.8599299e+00   6.4777827e+00   6.1357275e+00
   1.0153492e+01   1.0878566e+01   1.1704115e+01   1.2649111e+01   1.3736559e+01   2.4163368e+01   2.3125483e+01   2.4627923e+01   2.7526390e+01   2.5366471e+01   2.5677257e+01   2.6206981e+01   2.6915168e+01   2.8011762e+01   2.8195806e+01   2.3650257e+01   2.2502141e+01   2.1916017e+01   2.3202746e+01   2.0727223e+01   2.1218595e+01   1.3891879e+00   1.3732672e+01   2.1400765e+00   9.7364782e+00   8.0022087e+00   1.0152577e+01   9.5120838e+00   6.1390008e+00   8.4361937e+00   7.9808661e+00   7.5701291e+00
   1.1852788e+01   1.2649111e+01   1.3543984e+01   1.4552138e+01   1.5689651e+01   2.3722218e+01   2.0132345e+01   2.7496699e+01   2.6413573e+01   2.5682350e+01   2.6320043e+01   2.6530073e+01   2.7108692e+01   2.8230472e+01   2.7899686e+01   2.8216052e+01   2.3925460e+01   2.3382735e+01   2.1843516e+01   2.1346256e+01   1.5785246e+01   1.7403397e+01   1.5689476e+01   1.4549308e+01   1.3543855e+01   1.2648986e+01   1.1852646e+01   8.7093396e+00   1.0504118e+01   6.1479215e+00   9.4134039e+00   8.9441742e+00
   1.3409603e+01   1.4251625e+01   1.5185132e+01   1.6219969e+01   1.7365155e+01   1.8626250e+01   2.5331022e+01   2.5815785e+01   2.6530257e+01   2.6135072e+01   2.6267607e+01   2.6541235e+01   2.7422293e+01   2.8125764e+01   2.8272919e+01   2.7771756e+01   2.8136703e+01   2.3011265e+01   2.2940594e+01   2.1722725e+01   1.8805949e+01   2.1436118e+01   2.1645481e+01   1.6220269e+01   1.5185133e+01   1.4251625e+01   1.3409566e+01   1.2649006e+01   1.1961003e+01   1.1336706e+01   1.0769114e+01   7.6607932e+00
   1.4823750e+01   1.5689291e+01   1.6636009e+01   1.7669403e+01   2.3980482e+01   2.5370205e+01   2.5390080e+01   2.5766750e+01   2.7145871e+01   2.6673711e+01   2.6123048e+01   2.7087079e+01   2.7571037e+01   2.8269813e+01   2.7853310e+01   2.7488296e+01   2.6483585e+01   2.4276023e+01   2.0905165e+01   2.2412812e+01   2.0863767e+01   1.8185414e+01   1.7595892e+01   1.9455900e+01   1.6636264e+01   1.5689294e+01   1.4823714e+01   1.4032928e+01   1.3310245e+01   1.2649111e+01   1.2043357e+01   1.1487242e+01
   1.6099727e+01   1.6970563e+01   1.7910746e+01   2.0458158e+01   2.3930449e+01   2.1140743e+01   2.4527912e+01   2.6441237e+01   2.6746785e+01   2.6391334e+01   2.6555355e+01   2.7028261e+01   2.8284001e+01   2.8210686e+01   2.8282438e+01   2.7018065e+01   2.6833010e+01   2.5846421e+01   2.3815557e+01   2.2324738e+01   2.2903307e+01   1.9260492e+01   2.0253227e+01   2.1485704e+01   2.1232133e+01   1.6970723e+01   1.6099689e+01   1.5294934e+01   1.4552138e+01   1.3866682e+01   1.3233863e+01   1.2649136e+01
   1.7245262e+01   1.8107139e+01   1.9025515e+01   2.2134774e+01   2.3668553e+01   2.5983377e+01   2.5356094e+01   2.6575563e+01   2.7122928e+01   2.6482266e+01   2.6975736e+01   2.7666951e+01   2.8058944e+01   2.7521967e+01   2.7495521e+01   2.7945064e+01   2.7091437e+01   2.6261289e+01   2.5298299e+01   2.1923649e+01   2.2763466e+01   2.1487555e+01   1.9628230e+01   1.8497778e+01   2.1441493e+01   1.7927982e+01   1.7245367e+01   1.6439901e+01   1.5689291e+01   1.4990634e+01   1.4340695e+01   1.3736083e+01
   1.8270047e+01   1.9112051e+01   1.4407169e+00   2.3859267e+01   2.4466294e+01   2.4226999e+01   2.6936955e+01   2.6706374e+01   2.6963245e+01   2.6470729e+01   2.7213315e+01   2.7952899e+01   2.8001162e+01   2.7744076e+01   2.8169244e+01   2.7945114e+01   2.7287650e+01   2.6581524e+01   2.8200094e+01   2.4830623e+01   2.0003295e+01   2.3543032e+01   1.9487261e+01   1.8740378e+01   1.1375372e+01   2.0737127e+01   2.1278019e+01   1.7474782e+01   1.6726290e+01   1.6023855e+01   1.5365467e+01   1.4748860e+01
   1.9185129e+01   2.5293739e+01   2.5407599e+01   2.4321582e+01   2.1235729e+01   2.8013267e+01   2.7275013e+01   2.6878564e+01   2.7032468e+01   2.6515437e+01   2.6680085e+01   2.8099926e+01   2.5916140e+01   2.6836085e+01   2.7695674e+01   2.7899345e+01   2.7439805e+01   2.6833019e+01   2.6108732e+01   2.5298139e+01   2.2088986e+01   2.0462979e+01   1.6531602e+01   1.9626730e+01   2.3008175e+01   1.8306981e+01   1.9976242e+01   1.8407341e+01   1.7669047e+01   1.6970563e+01   1.6311064e+01   1.5689318e+01
   2.2742790e+01   2.0784081e+01   2.6461187e+01   2.5131802e+01   2.3255436e+01   2.7446386e+01   2.7334666e+01   2.7099165e+01   2.6685136e+01   2.6037752e+01   2.7273294e+01   2.6969835e+01   2.8225829e+01   2.8150529e+01   2.7726937e+01   2.5475636e+01   2.8051379e+01   2.7593203e+01   2.6399225e+01   2.5680968e+01   2.4903279e+01   2.0853904e+01   2.3254550e+01   2.1448994e+01   2.0068907e+01   1.8915144e+01   1.9402977e+01   2.2100461e+01   1.8524477e+01   1.7835854e+01   1.7181284e+01   1.6560201e+01
   2.0726693e+01   2.1475128e+01   2.4231381e+01   2.7513803e+01   2.3792521e+01   2.6837224e+01   2.6715439e+01   2.7135771e+01   2.6963588e+01   2.6436544e+01   2.5979267e+01   2.8156043e+01   2.8065495e+01   2.8267509e+01   2.8212367e+01   2.5303152e+01   2.8191225e+01   2.7196254e+01   2.6636130e+01   2.5997340e+01   2.5298220e+01   2.4557370e+01   2.0004700e+01   1.8198098e+01   1.9856652e+01   2.0605953e+01   2.1909564e+01   2.2920259e+01   2.1303217e+01   1.8625670e+01   1.7980520e+01   1.7364890e+01
   2.1374147e+01   2.2086307e+01   2.2808675e+01   2.3534188e+01   2.4254070e+01   2.8085356e+01   2.7318544e+01   2.7141345e+01   2.6409233e+01   2.4881514e+01   2.7975659e+01   2.5533607e+01   2.8202856e+01   2.8168324e+01   2.7118350e+01   2.0477404e+01   1.9164694e+01   2.7328668e+01   8.1531325e+00   2.6260564e+01   2.5630724e+01   2.4956708e+01   2.4253420e+01   2.3533616e+01   1.9050360e+01   2.1307507e+01   1.9664073e+01   1.9847546e+01   1.9381143e+01   2.4091148e+01   1.8713741e+01   1.8107176e+01
   2.1951849e+01   2.2627417e+01   2.3307425e+01   2.3985285e+01   2.8147033e+01   2.8273971e+01   2.7590394e+01   2.7164322e+01   2.6370269e+01   2.4996748e+01   2.4959109e+01  -2.7897870e+01   2.8245910e+01   2.8095560e+01   2.2431514e+01   2.7346512e+01   2.7799687e+01   2.2843744e+01   2.6996064e+01   1.3038901e+01   2.5912490e+01   2.5298221e+01   2.4651879e+01   2.3985001e+01   2.3306380e+01   1.7833925e+01   1.9603764e+01   1.9117731e+01   2.2640885e+01   2.6530303e+01   1.9385436e+01   1.8791074e+01
   2.2467861e+01   2.3107341e+01   2.3746630e+01   2.4379185e+01   2.4997756e+01   2.8202301e+01   2.7376183e+01   2.7402167e+01   2.5718514e+01   2.3621015e+01   2.8283036e+01  -2.8267308e+01   2.8012304e+01   2.6920251e+01   2.5305053e+01   2.8090678e+01   2.7853885e+01   2.7532285e+01   2.7134863e+01   2.2917601e+01   2.6153437e+01   2.5591759e+01   2.4996857e+01   2.4378560e+01  -1.0017036e+01   2.3106245e+01   1.8127285e+01   2.4719520e+01   2.0799106e+01   2.3851286e+01   2.0000315e+01   1.9420675e+01
   2.2929499e+01   2.3533936e+01   2.4134455e+01   2.4724902e+01   2.5298415e+01   2.8172865e+01   2.7476357e+01   2.6004599e+01   2.3261945e+01   1.9410364e+01   2.8267265e+01   2.7236359e+01   2.8283701e+01   2.8036366e+01   2.8240783e+01   2.8216320e+01   2.7899442e+01   2.7610740e+01   2.7252401e+01   2.6832494e+01   1.6114058e+01   1.1588376e+01   8.6674197e+00   2.4724432e+01   2.4133339e+01   2.3533496e+01   8.9607712e+00   1.1867901e+01   2.0904478e+01   2.1811272e+01   2.3376244e+01   2.0000383e+01
   2.3343241e+01   2.3914037e+01   2.4477952e+01   2.5029267e+01   2.5561728e+01   2.7923748e+01   2.7498967e+01   2.7333259e+01   1.3879280e+01  -2.8795838e+00   1.2292846e+01   2.6486464e+01   2.8252898e+01   2.8203649e+01   2.6186759e+01   2.8042675e+01   2.7938151e+01   2.7677568e+01   2.7352999e+01   2.6971387e+01   2.6540100e+01   2.6067445e+01   2.5561171e+01   2.5028847e+01   7.4019620e+00   2.3913067e+01   5.3956556e+00   3.6414675e+00   1.7561066e+01   1.8356631e+01   2.4398784e+01   2.4571905e+01
   2.3714791e+01   2.4253563e+01   2.4783128e+01   2.5298221e+01   2.5793257e+01   2.8253481e+01   2.6808146e+01   2.2754453e+01   2.7439369e+01   2.4093653e+01   2.7971119e+01   2.8143789e+01   2.4910355e+01   2.8097669e+01   2.8249006e+01   2.8143899e+01   2.7971344e+01   2.7735010e+01   2.7439774e+01   2.7091418e+01   2.6696346e+01   2.6261287e+01   2.5793035e+01   2.5298215e+01   2.4782697e+01   2.4253548e+01   2.3714272e+01   2.3170841e+01   2.2627009e+01   1.5850455e+01   2.4532192e+01   2.1024252e+01
   2.4049154e+01   2.4557625e+01   2.5055099e+01   2.5536752e+01   2.5997415e+01   2.7429777e+01   2.7795347e+01   2.7195936e+01   2.7515112e+01   2.7784647e+01   2.7999963e+01   2.6987059e+01   2.8052525e+01   2.8105981e+01   2.8272125e+01   2.8156873e+01   2.8000000e+01   2.7784730e+01   2.7515115e+01   2.7196004e+01   2.6832816e+01   2.6431305e+01   2.5997347e+01   2.5536752e+01   2.5055099e+01   2.4557625e+01   2.4049130e+01   2.3533936e+01   2.3015855e+01   2.2498363e+01   2.7946346e+01   2.7086224e+01
   2.4350689e+01   2.4830625e+01   2.5298211e+01   2.5749043e+01   2.6178414e+01   2.6581421e+01   2.6952860e+01   2.7287638e+01   2.7580919e+01   2.7828042e+01   2.8024908e+01   2.8168091e+01   2.8255107e+01   2.8284271e+01   2.8255101e+01   2.8168113e+01   2.8024908e+01   2.7828042e+01   2.7580919e+01   2.7287638e+01   2.6952806e+01   2.6581366e+01   2.6178413e+01   2.5749043e+01   2.5298211e+01   2.4830625e+01   2.4350666e+01   2.3862336e+01   2.3369223e+01   2.2874500e+01   2.2381287e+01   2.1891149e+01
