   2.8268036e+01   2.8266878e+01   2.8265592e+01   2.8264198e+01   2.7441900e+01   2.8260733e+01   2.4398647e+01   2.2528430e+01   2.6320416e+01   2.6438273e+01   2.4639912e+01   2.3431549e+01   2.3107732e+01   1.9303205e+01   3.4909521e+00   0.0000000e+00   0.0000000e+00   0.0000000e+00   0.0000000e+00   0.0000000e+00   0.0000000e+00   0.0000000e+00   2.8036258e+01   2.7576595e+01   2.5666356e+01   2.7398078e+01   2.7727871e+01   2.1103366e+01   2.5624004e+01   2.8273908e+01   2.5065553e+01   2.5472022e+01
   2.8284271e+01   2.8284271e+01   2.8284271e+01   2.2757130e+01   2.8284271e+01   2.8284271e+01   2.8284271e+01   1.5522597e+01   2.5300506e+01   2.8284271e+01   2.4902986e+01   2.5266617e+01   2.5754585e+01   2.3503107e+01   1.8857211e+01   0.0000000e+00   0.0000000e+00   0.0000000e+00   0.0000000e+00   0.0000000e+00   0.0000000e+00   0.0000000e+00   2.3456434e+01   2.7378589e+01   2.6832182e+01   2.5494189e+01   2.6782330e+01   2.7056661e+01   2.7186315e+01   2.7092911e+01   2.8268554e+01   2.7649541e+01
   2.8268035e+01   2.8266876e+01   2.8265589e+01   2.8264125e+01   2.8262547e+01   2.8260740e+01   2.8258698e+01   2.8256473e+01   1.6121082e+01   1.0499869e+01   2.8247260e+01   2.8243098e+01   2.6905593e+01   2.4923605e+01   2.6456303e+01   2.6574847e+01   2.7978759e+01   2.8186840e+01   2.8270323e+01   2.8271829e+01   2.8205041e+01   2.7489512e+01   2.6769972e+01   2.7393081e+01   2.7154898e+01   2.7983235e+01   2.5431987e+01   2.4927072e+01   2.1038533e+01   2.5842996e+01   1.8109360e+01   1.2606525e+01
   2.8219492e+01   2.8214883e+01   2.8209765e+01   2.8204060e+01   2.8197675e+01   2.8190498e+01   2.8182392e+01   2.8173190e+01   2.8162867e+01   2.2187894e+01   2.7591719e+01   2.8120534e+01   2.5378568e+01   2.5895141e+01   2.7457096e+01   2.7015660e+01   2.8243831e+01   2.8199772e+01   2.8232179e+01   2.8089833e+01   2.7908490e+01   2.7820128e+01   2.7649122e+01   2.7333577e+01   2.8085411e+01   2.3369376e+01   2.4339163e+01   2.4451704e+01   2.1533196e+01   1.9377045e+01   2.2477846e+01   1.6391742e+01
   2.8139140e+01   2.8128862e+01   2.8117456e+01   2.8104750e+01   2.8090541e+01   2.8074583e+01   2.8056577e+01   2.8036159e+01   2.8013046e+01  -7.4131099e+00   2.7955507e+01   2.7986217e+01   2.8232586e+01   2.7876767e+01   2.6719305e+01   2.7079845e+01   2.8205065e+01   2.8174693e+01   2.7917616e+01   2.7999187e+01   2.8219530e+01   2.7835070e+01   2.8154078e+01   2.4454675e+01   2.4049298e+01   2.2134970e+01   2.3170124e+01   2.2131642e+01   2.1995234e+01   2.1187964e+01   8.4352245e+00  -1.2746022e+00
   2.8027791e+01   2.8009743e+01   2.7989731e+01   2.7967462e+01   2.7942584e+01   2.7914677e+01   2.7883233e+01   2.7847633e+01   2.7807090e+01   2.6834181e+01   1.9583402e+01   2.7645297e+01   2.7573182e+01   2.7488276e+01   2.6928299e+01   2.8242659e+01   2.6911304e+01   2.6731682e+01   2.8191700e+01   2.7696392e+01   2.7444979e+01   2.7321778e+01   2.2792977e+01   2.3136757e+01   2.2957245e+01   2.4698787e+01   2.3369277e+01   1.9499379e+01   9.6481852e+00   1.8547071e+01   9.0235577e+00   4.9018334e+00
   2.7886552e+01   2.7858792e+01   2.7828043e+01   2.7793869e+01   2.7755744e+01   2.7713044e+01   2.7665013e+01   2.7610740e+01   2.7549107e+01   2.7478703e+01   2.7397767e+01   2.7304530e+01   2.6326923e+01   2.8145164e+01   2.6918798e+01   1.8198329e+01   2.6523908e+01   2.7650312e+01   2.5939027e+01   2.5613556e+01   2.5481328e+01   2.2885000e+01   2.2642333e+01   1.9662610e+01   1.9001358e+01   2.2617897e+01   1.6536141e+01   1.8903868e+01   1.8004577e+01   1.0975815e+01  -1.2821505e+00   1.2867712e+00
   2.7716793e+01   2.7677568e+01   2.7634179e+01   2.7586026e+01   2.7532395e+01   2.7472437e+01   2.7405131e+01   2.7329250e+01   2.7243238e+01   2.7145400e+01   2.7033473e+01   2.5847919e+01   2.6084806e+01   2.6581608e+01   2.7362784e+01   1.8609327e+01   2.6875120e+01   2.6831733e+01   2.6842167e+01   2.2410052e+01   2.2819969e+01   2.1604625e+01   1.9815498e+01   2.2142247e+01   2.1151853e+01   2.1319862e+01   2.0363787e+01   2.3257966e+01   7.8187655e+00   1.0467207e+01  -2.4379497e+00   7.7320638e-01
   2.7521839e+01   2.7467916e+01   2.7410305e+01   2.7346308e+01   2.7275472e+01   2.7196008e+01   2.7107240e+01   2.7007309e+01   2.4681276e+01   2.4382405e+01   2.6620900e+01   2.7549403e+01   2.6261372e+01   2.7128632e+01   2.5777498e+01   2.3937887e+01   2.7934461e+01   2.5973136e+01   2.2838587e+01   2.3711215e+01   2.1919765e+01   2.4533236e+01   2.0652062e+01   2.0009558e+01   1.7475117e+01   1.9354095e+01   9.8737513e+00   2.0488919e+01   6.2165565e+00  -1.3536822e+00   2.5963100e+00   6.0321744e+00
   4.6919981e+00   2.7233855e+01   2.8272867e+01   2.7077658e+01   2.6542719e+01   2.6887397e+01   2.6775492e+01   2.5300103e+01   2.7642690e+01   2.6348882e+01   2.3890920e+01   2.5960897e+01   2.5723812e+01   2.5452577e+01   2.4557401e+01   2.2808453e+01   2.5297371e+01   2.2732819e+01   2.2603556e+01   2.1149694e+01   2.2799456e+01   2.1133646e+01   1.8773093e+01   2.0364195e+01   1.9325315e+01   2.0836685e+01   1.9521213e+01  -2.0953680e+01   5.2103926e+00  -7.0305289e+00  -3.6009108e+00  -8.2477656e-01
   2.7055223e+01   2.6336817e+01   2.6881374e+01   2.6781964e+01   2.8174156e+01   2.5660339e+01   2.7444351e+01   2.6480780e+01   2.4609323e+01   2.5837845e+01   2.7692303e+01   2.5434176e+01   2.4035346e+01   2.8243201e+01   2.0859449e+01   2.5165585e+01   2.2422026e+01   2.4079650e+01   2.3652081e+01   2.2842763e+01   2.1625647e+01   1.7590090e+01   1.8680325e+01   1.9785951e+01   1.6968602e+01   1.7551597e+01   1.6093994e+01   7.5688090e+00  -8.6142703e+00   1.7660184e+00  -6.4350236e+00   1.0826450e+00
   2.0139818e+01   2.6316288e+01   2.6325929e+01   2.6462976e+01   2.6695474e+01   2.6186702e+01   1.9811926e+01   2.5846243e+01   2.2132997e+01   2.7260094e+01   2.5167957e+01   2.1596178e+01   2.4557350e+01   2.0980050e+01   2.5669976e+01   2.1985120e+01   2.2729430e+01   2.0588874e+01   2.2217382e+01   2.1687814e+01   1.7989513e+01   2.0261080e+01   2.0089700e+01   1.9995458e+01   1.3631462e+01   1.3661398e+01   9.3441028e+00   6.8598420e+00   1.9481508e+00   2.3742136e+00   2.1410742e+00   2.5422896e-01
   2.7753491e+01   2.7865193e+01   2.6445748e+01   2.7968000e+01   2.5971238e+01   2.3536681e+01   2.4728495e+01   2.5410103e+01   2.5179885e+01   2.4923083e+01   2.4634912e+01   2.4311178e+01   2.3629503e+01   2.4141482e+01   2.1088058e+01   2.4736112e+01   2.1065229e+01   2.2741840e+01   1.6840117e+01   1.8938590e+01   1.7957533e+01   1.8103147e+01   1.8484524e+01   1.4390037e+01   1.9087324e+01   1.0709767e+01   8.5758961e+00   6.2683841e+00   3.8209903e+00  -1.1396695e+00  -3.7807168e+00  -4.6387531e+00
   2.7031791e+01   2.6261107e+01   2.5923667e+01   2.5766065e+01   2.8214306e+01   2.0505844e+01   2.5189904e+01   2.4956709e+01   2.4697758e+01   2.4409508e+01   2.1958600e+01   2.3278859e+01   2.2487123e+01   2.5525363e+01   2.1793408e+01   1.9703135e+01   1.9963649e+01   1.6081859e+01   1.9201762e+01   1.8193587e+01   1.7077772e+01   1.6349089e+01   1.4991101e+01   2.0452714e+01   1.1785445e+01   9.9312758e+00   7.9195960e+00   5.7683309e+00  -4.9627460e+00  -3.6085918e+00   1.3441542e+00  -1.8841838e+00
   2.7640606e+01   2.5733681e+01   2.5471858e+01   2.5393318e+01   2.5198838e+01   2.4984706e+01   2.4749698e+01   2.4490411e+01   2.4203639e+01   1.9797766e+01   2.3345661e+01   2.6946151e+01   2.2378352e+01   2.2009937e+01   1.6845471e+01   2.0887120e+01   1.5524383e+01   2.0109837e+01   1.7995171e+01   1.9950411e+01   2.0883668e+01   2.1156222e+01   1.4134698e+01   1.5182922e+01   1.1020809e+01   9.2520840e+00   7.3531603e+00   5.3414050e+00   3.2410184e+00  -5.4216973e+00   1.7894811e+00   1.7045441e+00
   2.5552843e+01   2.5386672e+01   2.5205895e+01   2.5008768e+01   2.4793544e+01   2.4557865e+01   2.4299217e+01   2.5063750e+01   2.4463096e+01   1.9880587e+01   2.0906855e+01   2.2056101e+01   2.0369765e+01   1.9127717e+01   1.9028130e+01   1.6924978e+01   1.9863380e+01   1.8296891e+01   2.1404343e+01   1.8013730e+01   2.1338806e+01   2.7434269e+01   1.3357219e+01   1.1910945e+01   1.0342213e+01   8.6552467e+00   6.8599434e+00   4.9721101e+00   3.0132134e+00   2.0797017e+00  -4.3204709e-01   1.1621107e+00
   2.5212171e+01   2.5029267e+01   2.4830637e+01   2.4614742e+01   2.7193948e+01   2.7871133e+01   2.5947229e+01   2.2692280e+01   2.2215939e+01   2.4658942e+01   2.1444752e+01   1.8822817e+01   6.4501919e+00   1.8489496e+01   2.3530427e+01   1.6793041e+01   1.6651714e+01   1.7377303e+01   1.7518729e+01   2.7434566e+01   1.5071123e+01   9.8292299e+00   1.2648939e+01   1.1246037e+01   9.7369919e+00   8.1274256e+00   6.4270241e+00   4.6499056e+00   2.8140784e+00  -6.0531372e+00   1.8304023e+00  -8.3792742e-01
   2.4862767e+01   2.4663426e+01   2.4447463e+01   2.4213298e+01   2.6527284e+01   2.7893514e+01   2.6282081e+01   1.4834506e+01   2.1589423e+01   1.9860459e+01   2.4324482e+01   2.7652422e+01   1.6816360e+01   1.8044702e+01   1.9708105e+01   1.8959680e+01   1.6842134e+01   1.7854442e+01   2.6733001e+01   1.5519652e+01   1.4440222e+01   1.3269532e+01   1.2004800e+01   1.0645551e+01   9.1946444e+00   7.6578414e+00   6.0442605e+00   4.3664376e+00   2.6399267e+00   6.9532126e-01  -2.0665133e+00   1.4289082e-01
   2.4506331e+01   2.4291084e+01   2.4058448e+01   2.3806706e+01   2.3534072e+01   2.2809467e+01   2.7105285e+01   1.8903818e+01   2.2401561e+01   2.3816769e+01   2.1321177e+01   2.7840937e+01   1.1944767e+01   2.1887979e+01   1.6904717e+01   1.8108490e+01   2.3488710e+01   1.6755902e+01   1.4062234e+01   1.4863112e+01   1.3797672e+01   1.2649111e+01   1.1416669e+01   1.0101373e+01   8.7064725e+00   7.2377346e+00   5.7036059e+00   4.1151915e+00   2.4855742e+00  -8.9328309e+00   5.6992361e+00  -1.1646893e+00
   2.4144555e+01   2.3914037e+01   2.3665493e+01   2.3397221e+01   2.3107643e+01   2.8142496e+01   1.1871823e+01   1.6964643e+01   2.2099765e+01   2.8113402e+01   2.8278439e+01   2.8124242e+01   2.5113439e+01   1.5351720e+01   1.9035781e+01   2.0581390e+01   1.7296783e+00   2.2417362e+01   1.5228194e+01   1.4251623e+01   1.3201927e+01   1.2077562e+01   1.0878566e+01   9.6065962e+00   8.2651883e+00   6.8599434e+00   5.3986092e+00   3.8910211e+00   2.3487412e+00  -2.1185303e+00  -5.0401834e+00  -6.9725670e-01
   2.3779006e+01   2.3533936e+01   2.3270328e+01   2.2986517e+01   2.2680676e+01   2.2351022e+01   1.9251973e+01   1.9727523e+01   2.7300623e+01   2.8268905e+01   2.0259839e+01   2.0372991e+01   2.2724202e+01   2.0123195e+01   2.8228442e+01   8.1438347e+00   1.6381509e+01   1.5545817e+01   1.4645677e+01   1.3680709e+01   1.2649111e+01   1.1550336e+01   1.0385038e+01   9.1552701e+00   7.8646701e+00   6.5185737e+00   5.1240473e+00   3.6898108e+00   2.2258981e+00  -2.4203348e+00   1.8333092e+00  -4.3657371e+00
   2.3411120e+01   2.3152280e+01   2.2874511e+01   2.2576198e+01   2.2255572e+01   2.1910308e+01   1.7059962e+01   2.7290563e+01   2.8183792e+01   2.0248515e+01   2.8262175e+01   2.6345602e+01  -2.3688821e+00   1.7691956e+01   1.3455718e+01   1.6601425e+01   1.5824276e+01   1.4990634e+01   1.4098892e+01   1.3147488e+01   1.2135559e+01   1.1063128e+01   9.9312707e+00   8.7422743e+00   7.4997579e+00   6.2087425e+00   4.8756521e+00   3.5082321e+00   2.1153769e+00   7.0694702e-01   2.1720690e+00  -4.5514013e+00
   2.3042205e+01   2.2770418e+01   2.2479428e+01   2.2167681e+01   2.1833239e+01   1.4793797e+01   1.3205553e+01   2.0677481e+01   2.0235884e+01   1.9757644e+01   1.9246665e+01   1.8697644e+01   1.8106023e+01   4.1825161e+00   1.6796046e+01   1.6070858e+01   1.5294934e+01   1.4466948e+01   1.3585349e+01   1.2649111e+01   1.1657868e+01   1.0612054e+01   9.5130299e+00   8.3631988e+00   7.1660858e+00   5.9263776e+00   4.6499056e+00   3.3435654e+00   2.0151709e+00   6.7362884e-01   7.8276343e+00   1.1990390e+00
   2.2673453e+01   2.2389573e+01   2.2086323e+01   2.1762216e+01   2.1415641e+01   2.1044630e+01   2.0647842e+01   2.0223458e+01   1.9768830e+01   1.9282133e+01   1.8761192e+01   1.8203777e+01   1.7607641e+01   1.6970124e+01   1.6290441e+01   1.5565235e+01   1.4793155e+01   1.3972718e+01   1.3102829e+01   1.2182893e+01   1.1212923e+01   1.0193649e+01   9.1266136e+00   8.0142542e+00   6.8599566e+00   5.6680726e+00   4.4438935e+00   3.1935747e+00   1.9240100e+00   6.4266576e-01  -6.4227892e-01  -1.9237768e+00
