  -2.7744339e+01  -2.8126690e+01  -2.7523270e+01  -2.8022491e+01  -2.8283313e+01  -2.7540765e+01  -2.7320351e+01  -2.8019502e+01  -2.8108241e+01  -7.7977772e+00  -2.4960701e+01  -2.4307914e+01  -1.7889076e+01  -1.5771037e+01  -1.5850407e+01   0.0000000e+00   0.0000000e+00   0.0000000e+00   0.0000000e+00   0.0000000e+00   0.0000000e+00   0.0000000e+00  -2.7301835e+01  -2.7818510e+01  -2.6011319e+01  -1.8436581e+01  -2.0481335e+01  -1.9999973e+01  -1.9529729e+01  -2.2914779e+01  -2.3321677e+01  -2.3818347e+01
  -2.8152206e+01  -2.7868232e+01  -2.8280692e+01  -2.7674132e+01  -2.7969642e+01  -2.8219956e+01  -2.7931412e+01  -2.8063131e+01  -2.8182941e+01  -2.6462021e+01  -2.6893869e+01  -2.4244486e+01  -2.1409940e+01  -2.0858389e+01  -2.2006572e+01   0.0000000e+00   0.0000000e+00   0.0000000e+00   0.0000000e+00   0.0000000e+00   0.0000000e+00   0.0000000e+00  -2.5190499e+01  -2.4073550e+01  -2.8228544e+01  -2.8189225e+01  -1.2349940e+01  -1.9505857e+01  -1.8106440e+01  -2.0226601e+01  -2.2207567e+01  -1.7669623e+01
  -2.7944621e+01  -2.8283953e+01  -2.7691767e+01  -2.7661389e+01  -2.8139416e+01  -2.8241739e+01  -2.8229450e+01  -2.8116438e+01  -2.8025256e+01  -2.7418910e+01  -2.4497653e+01  -2.4155330e+01  -2.3405226e+01  -2.5196693e+01  -2.5932173e+01  -2.8210215e+01  -6.6724115e+00  -2.4479136e+01  -2.3914037e+01  -2.3343586e+01  -2.2770404e+01  -2.2199849e+01  -2.3189453e+01  -2.3801539e+01  -2.6526504e+01  -1.9218538e+01  -1.9480203e+01  -1.4149492e+01  -1.8326272e+01  -2.1495822e+01  -2.2685394e+01  -1.8192431e+01
  -2.8143287e+01  -2.8283671e+01  -2.7325557e+01  -2.7633630e+01  -2.8277909e+01  -2.8218690e+01  -2.8248197e+01  -2.8191510e+01  -2.8005967e+01  -2.6777152e+01  -2.5190345e+01  -2.4731664e+01  -2.5515020e+01  -2.6467965e+01  -2.5733224e+01  -2.7961609e+01  -2.4726519e+01  -3.6493352e+00  -2.3534926e+01  -2.8228072e+01  -2.2326492e+01  -2.0690464e+01  -2.3242140e+01  -2.0511467e+01  -2.5378358e+01  -2.1778382e+01  -1.7811783e+01  -1.7564987e+01  -1.8276121e+01  -1.8782831e+01  -1.4821407e+01  -1.6526762e+01
  -2.7655789e+01  -2.8282249e+01  -2.8102396e+01  -2.7561127e+01  -2.8155813e+01  -2.8283721e+01  -2.7977295e+01  -2.7892899e+01  -2.7792985e+01  -2.5689106e+01  -2.5649848e+01  -2.5785678e+01  -2.5933524e+01  -2.6765863e+01  -2.5268784e+01  -2.4785192e+01  -2.7797770e+01  -2.3747472e+01  -2.3106936e+01  -1.6108169e+01  -1.8522687e+01  -1.9872874e+01  -2.0681516e+01  -2.4581024e+01  -1.8096396e+01  -1.5756206e+01  -1.8599815e+01  -1.5221248e+01  -1.9480160e+01  -1.9309267e+01  -1.6349004e+01  -1.9067922e+01
  -2.7944019e+01  -2.8223718e+01  -2.8186204e+01  -2.8186549e+01  -2.8209488e+01  -2.8234591e+01  -2.8271953e+01  -2.8025366e+01  -2.6869703e+01  -2.6555030e+01  -2.6033856e+01  -2.6268703e+01  -2.7054935e+01  -2.5879252e+01  -2.4714184e+01  -2.3022263e+01  -2.3984901e+01  -2.3306979e+01  -1.7343954e+01  -1.9897240e+01  -2.0971186e+01  -2.3238023e+01  -2.0510123e+01  -1.8548389e+01  -1.6017764e+01  -1.4739779e+01  -1.7951701e+01  -1.4917236e+01  -1.7536305e+01  -1.6152412e+01  -1.6348047e+01  -1.5246945e+01
  -2.8135287e+01  -2.8152366e+01  -2.7892868e+01  -2.7844525e+01  -2.8282500e+01  -2.8190382e+01  -2.8130064e+01  -2.7775219e+01  -2.6541989e+01  -2.6400711e+01  -2.6193193e+01  -2.6335814e+01  -2.6376801e+01  -2.6113021e+01  -2.2810896e+01  -2.4252745e+01  -1.5488732e+01  -1.5488016e+01  -1.9459794e+01  -1.9567054e+01  -1.6659878e+01  -1.7202460e+01  -1.6574711e+01  -1.6024376e+01  -1.4689424e+01  -1.7869306e+01  -1.7509212e+01  -1.2807501e+01  -1.5933691e+01  -1.7112463e+01  -1.4990743e+01  -1.4552157e+01
  -2.5997880e+01  -2.7872214e+01  -2.7922867e+01  -2.7916295e+01  -2.8072397e+01  -2.8283004e+01  -2.8049332e+01  -2.7421074e+01  -2.6907393e+01  -2.6506332e+01  -2.6365782e+01  -2.6075185e+01  -2.6079473e+01  -2.4553532e+01  -1.2191718e+01  -8.2484148e+00  -1.9051429e+01  -2.1606607e+01  -1.9349250e+01  -1.7685059e+01  -1.6353246e+01  -1.6204031e+01  -1.5055403e+01  -1.7882289e+01  -1.6656557e+01  -1.4223273e+01  -1.8973319e+01  -1.5689429e+01  -1.8621578e+01  -1.4706565e+01  -1.4251627e+01  -1.3819846e+01
  -2.7991802e+01  -2.7556713e+01  -2.7799252e+01  -2.7856470e+01  -2.8282802e+01  -2.8279796e+01  -2.7899724e+01  -2.7366546e+01  -2.7380168e+01  -2.6661211e+01  -2.5770925e+01  -2.6730969e+01  -2.3318836e+01  -2.0447437e+01  -1.7994493e+01  -2.0002917e+01  -1.8361937e+01  -1.7874530e+01  -1.7409128e+01  -1.8576103e+01  -1.5345414e+01  -1.5156922e+01  -1.6010082e+01  -1.6677577e+01  -1.7732166e+01  -1.5247967e+01  -1.8556188e+01  -1.4887713e+01  -1.4389205e+01  -1.3917480e+01  -1.3471152e+01  -1.3865794e+01
  -2.8059448e+01  -2.8279742e+01  -2.7439451e+01  -2.8229502e+01  -2.8265410e+01  -2.8279244e+01  -2.8195411e+01  -2.7610576e+01  -2.6955797e+01  -2.6560788e+01  -2.6339549e+01  -2.7172639e+01  -2.4419852e+01  -1.9435146e+01  -1.6884394e+01  -1.9590289e+01  -2.0436378e+01  -2.0214221e+01  -1.5815366e+01  -1.4594725e+01  -1.8179818e+01  -1.6833344e+01  -1.4115969e+01  -1.5746410e+01  -1.5689805e+01  -2.0881650e+01  -1.4552536e+01  -1.4032927e+01  -1.3543785e+01  -1.3083130e+01  -7.7761052e+00  -1.2239326e+01
  -2.8174204e+01  -2.7195182e+01  -2.6910653e+01  -2.7557610e+01  -2.7796343e+01  -2.8272681e+01  -2.7973420e+01  -2.7025885e+01  -2.7121549e+01  -2.6615075e+01  -2.6596450e+01  -2.6670170e+01  -1.9097587e+01  -2.2557779e+01  -1.9780138e+01  -1.8450332e+01  -1.7707849e+01  -1.4491421e+01  -1.8326439e+01  -1.6101993e+01  -1.7221601e+01  -1.6782021e+01  -1.5904541e+01  -1.5365628e+01  -1.9066605e+01  -1.4171687e+01  -1.2650262e+01  -1.3123855e+01  -7.9864332e+00  -1.2203196e+01  -1.1784559e+01  -1.1391182e+01
  -2.6771429e+01  -2.8230190e+01  -2.5856607e+01  -2.8280092e+01  -2.7957127e+01  -2.8157675e+01  -2.7939425e+01  -2.7264040e+01  -2.6961303e+01  -2.6407030e+01  -2.5568143e+01  -2.6256055e+01  -1.9642146e+01  -1.8854377e+01  -1.9219607e+01  -1.7846242e+01  -1.8566026e+01  -1.7534855e+01  -1.6674614e+01  -1.6473518e+01  -1.8973452e+01  -1.5689414e+01  -1.4990564e+01  -1.4089030e+01  -1.3736036e+01  -7.9870804e+00  -1.2648839e+01  -1.2160354e+01  -1.1703908e+01  -1.1277674e+01  -1.0878566e+01  -1.0504531e+01
  -2.7885535e+01  -2.4208645e+01  -2.6491166e+01  -2.8256188e+01  -2.8278436e+01  -2.8265491e+01  -2.8062629e+01  -2.7174433e+01  -2.7298173e+01  -2.6364901e+01  -2.5100883e+01  -2.2964108e+01  -1.9402238e+01  -2.0092208e+01  -1.8840322e+01  -1.8127967e+01  -1.7147942e+01  -1.5625580e+01  -1.9323329e+01  -1.4509738e+01  -1.5294624e+01  -1.4552125e+01  -1.2604532e+01  -1.3233784e+01  -1.2649107e+01  -1.2107881e+01  -1.1606862e+01  -1.1141720e+01  -1.0709354e+01  -1.0306770e+01  -9.9312707e+00  -9.5804487e+00
  -1.4308433e+01  -1.1867687e+01  -1.8017624e+01  -2.7993485e+01  -2.8239694e+01  -2.8268725e+01  -2.7897809e+01  -2.7229311e+01  -2.6912179e+01  -2.6435830e+01  -2.4149874e+01  -2.3530733e+01  -2.1083513e+01  -1.6286256e+01  -1.6643379e+01  -2.0015404e+01  -1.4438525e+01  -1.5381716e+01  -5.4171497e+00  -1.1963510e+01  -4.8579620e+00  -1.4549773e+01   2.8396913e+00  -1.2041866e+01  -1.1487316e+01  -1.0975909e+01  -1.0504515e+01  -1.0069068e+01  -9.6659535e+00  -9.2919665e+00  -8.9442719e+00  -8.6203735e+00
  -2.1441087e+01  -1.5342955e+01  -2.6345958e+01  -2.6388925e+01  -2.8272157e+01  -2.8281260e+01  -2.7782687e+01  -2.7394043e+01  -2.6924647e+01  -2.5246065e+01  -2.4375475e+01  -2.1121297e+01  -1.6729298e+01  -1.8083577e+01  -1.4992792e+01  -1.5296517e+01  -1.3592760e+01  -1.1964226e+01  -3.7571928e+00  -1.3408195e+01  -1.2648705e+01  -1.1961049e+01  -1.1335342e+01   1.3155690e+01  -1.0250591e+01  -9.7771355e+00  -9.3437067e+00  -8.9442719e+00  -8.5758945e+00  -8.2352941e+00  -7.9195960e+00  -7.6262987e+00
  -2.0000084e+01  -2.1728068e+01  -1.8884998e+01  -2.6965726e+01  -2.7674978e+01  -2.8241454e+01  -2.7843342e+01  -2.7160129e+01  -2.6621722e+01  -2.2562439e+01  -2.0144866e+01  -1.8327798e+01  -2.0616160e+01  -1.7723129e+01  -1.8106216e+01  -3.1373077e+00  -1.1339699e+01  -1.3542845e+01  -1.2647136e+01   1.1166768e+01  -1.1140606e+01  -1.0503953e+01  -9.9312468e+00  -9.4126270e+00  -8.9433441e+00   1.4844072e+01  -8.1255304e+00  -7.7702714e+00  -7.4420841e+00  -7.1395694e+00  -6.8599434e+00  -6.6007952e+00
  -1.8107225e+01  -1.9999996e+01  -2.2085945e+01  -2.0891989e+01  -2.7736345e+01  -2.8260781e+01  -2.8085858e+01  -2.6802815e+01  -2.4533671e+01  -2.1707863e+01  -2.2024521e+01  -2.1503270e+01  -1.6397019e+01  -1.7071855e+01  -1.6685900e+01  -7.1167430e+00  -4.4059853e+00   1.1919963e+01   8.3449787e+00  -1.0150796e+01  -4.2382616e+00   6.4944303e+00  -8.4352709e+00  -7.9801958e+00  -7.5697149e+00  -7.1958412e+00   1.7965996e+01  -6.5492298e+00  -6.2683756e+00  -6.0084177e+00  -5.7686974e+00  -5.5470116e+00
  -1.5689367e+01  -1.7669044e+01  -1.9999997e+01  -2.2627177e+01  -2.3771107e+01  -2.8074911e+01  -2.7899182e+01  -2.6633899e+01  -2.4096522e+01  -2.0037621e+01  -1.5935985e+01  -1.9443204e+01  -1.8507474e+01  -1.0771439e+01  -7.5923166e+00  -4.0999315e+00  -2.1078642e+00  -2.7027034e+00   1.0507759e+00   1.2564636e+01  -1.6523445e+00   6.9629943e+00   8.5457679e+00   9.7566436e+00   2.4896417e+00   2.7071086e+00  -9.1383930e+00   1.9417361e+01  -5.0576511e+00  -4.8462449e+00  -4.6499055e+00  -4.4686541e+00
  -1.2649181e+01  -1.4552138e+01  -1.6970564e+01  -1.9999998e+01  -2.3534016e+01  -2.8181274e+01  -2.7829350e+01  -2.5899428e+01  -2.0969394e+01  -1.8970238e+01  -8.4159405e+00  -1.5528237e+01  -1.0432563e+01  -3.8363567e+00  -3.1242293e-01   4.8803372e-01   1.3395491e+00  -4.6482056e+00   2.9407049e+00   3.1336821e-01   4.4172982e-01   7.7922904e+00   1.1908192e+00   3.4236067e+00   1.3390393e+01   3.9512755e+00   1.0451616e+01   1.5854189e+01   1.9741098e+01  -3.6564574e+00  -3.5082191e+00  -3.3699417e+00
  -8.9443275e+00  -1.0504516e+01  -1.2649114e+01  -1.5689296e+01  -2.0000399e+01  -2.8271601e+01  -2.7674879e+01  -2.4626407e+01  -1.8077682e+01  -1.1802573e+01  -4.8912889e+00  -1.4334140e+01  -8.3777691e+00  -3.1490884e+00  -5.9632739e-02  -6.5905204e-01  -2.1298023e-02  -7.1115877e-01  -1.7193694e+00  -1.6981870e+00  -2.9177574e-01   5.5888299e-01   5.5730639e+00   1.2994924e+00   4.6049452e+00   4.7001665e+00   6.8441286e+00   1.1401180e+01   7.6816875e+00   1.6676500e+01  -2.3471719e+00  -2.2555257e+00
  -4.6499367e+00  -5.5470035e+00  -6.8599475e+00  -8.9442853e+00  -1.2650153e+01  -2.8276384e+01  -2.7701118e+01  -2.4240950e+01  -1.1751462e+01  -5.7368206e+00   1.2978462e-01   1.9093971e+00   2.3785567e+00  -1.5685116e+00  -2.1988023e+01  -9.4303609e+00  -4.2644644e+00  -2.5968330e+00   2.0309915e-01   1.1800334e+00   2.1908718e+00   3.1734667e+00   2.6263025e+00  -4.0228295e-01   1.4924899e+00   5.1542663e+00   1.6101408e+00   5.5839125e+00   9.9900890e+00   1.5555089e+01   1.8641367e+01  -1.1295706e+00
  -1.4560163e-12  -1.9130830e-12  -5.8499746e-12  -6.7972339e-08  -1.3013612e-03  -2.8208539e+01   0.0000000e+00  -1.6344734e+01  -7.8675614e+00   3.5891252e+00   3.1003465e+00  -1.9928832e+00   1.1576673e+01  -2.0340665e+01  -2.3564829e+01  -2.3338908e+00  -3.4547436e+00   1.5231735e+01   8.0983879e-04   1.7037013e-04   2.0961443e-04   2.7711550e-04   5.0324662e-04   6.2279476e+00   1.3442035e+00   7.0660102e-01   1.8811255e+00   4.8482905e+00   7.2607507e+00   1.0677636e+01   1.8408164e+01   1.6785526e-03
   4.6499367e+00   5.5470035e+00   6.8599475e+00   8.9442851e+00   1.2647970e+01  -2.6358255e+01  -2.7957897e+01   1.9998528e+01   1.2648762e+01   8.9444538e+00   6.8607322e+00   1.9333335e+01   2.1748004e+01   1.7915437e+01  -2.2132392e+01   3.1222661e+00   2.8142475e+00   2.5614392e+00   2.3488921e+00   2.1693046e+00   2.0151709e+00   1.8814417e+00   1.7643289e+00   1.6611942e+00   1.5689941e+00   1.4865697e+00   1.4125377e+00   1.3455715e+00   1.2851530e+00   1.1908899e+01   2.1438450e+01   2.0484264e+01
   8.9441510e+00   1.0504320e+01   1.2648901e+01   1.5689079e+01   1.9999806e+01   2.5297985e+01   2.8284271e+01   2.5298105e+01   1.9999815e+01   1.5689079e+01   1.2648911e+01   1.0504980e+01   8.9449319e+00   7.7706799e+00   6.8588297e+00   6.1355709e+00   5.5468799e+00   5.0595318e+00   4.6498013e+00   4.3007296e+00   3.9999093e+00   3.7380694e+00   3.5081519e+00   3.3046938e+00   3.1234035e+00   2.9608647e+00   2.8143253e+00   2.6815442e+00   2.5606862e+00   2.4507050e+00   2.3497748e+00   2.2563621e+00
