  -1.5863173e+01  -1.6219941e+01  -1.6588979e+01  -1.6970539e+01  -1.7364839e+01  -1.7772123e+01  -1.9959971e+01  -1.9251114e+01  -1.8873031e+01  -1.8500517e+01  -1.8233209e+01  -1.6748294e+01  -2.2182330e+01  -2.1426841e+01  -2.5787744e+01   0.0000000e+00   0.0000000e+00   0.0000000e+00   0.0000000e+00   0.0000000e+00   0.0000000e+00   0.0000000e+00  -2.5997259e+01  -2.3938368e+01  -2.6832547e+01  -2.3827977e+01  -2.7515028e+01  -2.7784728e+01  -2.7999981e+01  -2.8156890e+01  -2.7845033e+01  -2.8253125e+01
  -1.5333679e+01  -1.5689291e+01  -1.6057913e+01  -1.6439899e+01  -1.6835578e+01  -1.7245590e+01  -2.4425526e+01  -2.0373100e+01  -2.1060863e+01  -2.1492895e+01  -1.7726667e+01  -2.7223502e+01  -2.1900058e+01  -2.2896884e+01  -2.6055178e+01   0.0000000e+00   0.0000000e+00   0.0000000e+00   0.0000000e+00   0.0000000e+00   0.0000000e+00   0.0000000e+00  -2.5793055e+01  -2.6261113e+01  -2.4767789e+01  -2.7898627e+01  -2.7439811e+01  -2.7734986e+01  -2.7440537e+01  -2.8143892e+01  -2.8269698e+01  -2.8201113e+01
  -1.4780303e+01  -1.5133558e+01  -1.5500523e+01  -1.5881658e+01  -1.6277412e+01  -1.6688195e+01  -1.7114707e+01  -1.7556518e+01  -2.3208654e+01  -1.7823481e+01  -2.1338380e+01  -1.9781137e+01  -2.3769899e+01  -1.8420424e+01  -2.2532425e+01  -1.9898427e+01  -1.7150654e+01  -2.2770260e+01  -2.3343196e+01  -2.3914021e+01  -2.4477937e+01  -2.5029255e+01  -2.5561566e+01  -2.6067784e+01  -2.6540208e+01  -2.5300600e+01  -2.7353075e+01  -2.7677569e+01  -2.7938156e+01  -2.8128864e+01  -2.8263058e+01  -2.6988696e+01
  -1.4202553e+01  -1.4552138e+01  -1.4916074e+01  -1.5294934e+01  -1.5689291e+01  -1.6099689e+01  -1.6526633e+01  -1.6970690e+01  -1.9999805e+01  -1.9027797e+01  -1.9832236e+01  -2.6450483e+01  -2.0678638e+01  -2.5539990e+01  -2.3404747e+01  -2.2035420e+01  -2.0342360e+01  -2.1001185e+01  -2.2929237e+01  -2.3533928e+01  -2.4134152e+01  -2.4724897e+01  -2.5298221e+01  -2.5846494e+01  -2.6361073e+01  -2.6832989e+01  -2.8053345e+01  -2.7610875e+01  -2.8217013e+01  -2.8111268e+01  -2.7597056e+01  -2.8215835e+01
  -1.3600015e+01  -1.3944501e+01  -1.4303908e+01  -1.4678918e+01  -1.5070235e+01  -1.5478549e+01  -1.5904529e+01  -1.6348801e+01  -1.6812122e+01  -1.9016052e+01  -1.6218515e+01  -2.1160132e+01  -1.1152539e+01  -2.0088704e+01  -2.2407904e+01  -2.1942603e+01  -1.9530846e+01  -2.0613698e+01  -1.7610315e+01  -2.3106692e+01  -1.4147235e+01  -2.4378617e+01  -2.4997293e+01  -2.5592138e+01  -2.6153942e+01  -2.8058902e+01  -2.7135149e+01  -2.7532340e+01  -2.6363435e+01  -2.8090536e+01  -2.8146625e+01  -2.8126990e+01
  -1.2972396e+01  -1.3310245e+01  -1.3663491e+01  -1.4032928e+01  -1.4419389e+01  -1.4823714e+01  -1.5246741e+01  -1.5689291e+01  -1.6152144e+01  -1.6636150e+01  -1.8522382e+01  -2.1069956e+01  -1.7973474e+01  -2.2640611e+01  -1.6808521e+01  -2.2853435e+01  -2.0857800e+01  -1.7892389e+01  -2.0789533e+01  -1.9098144e+01  -2.3306588e+01  -1.5489285e+01  -2.4651364e+01  -2.5298218e+01  -2.5912850e+01  -2.6483758e+01  -2.6515000e+01  -2.7439756e+01  -2.7799778e+01  -2.8065898e+01  -2.8236491e+01  -2.8096017e+01
  -1.2319538e+01  -1.2649111e+01  -1.2994442e+01  -1.3356439e+01  -1.3736056e+01  -1.4134285e+01  -1.4552138e+01  -1.4990634e+01  -1.5450786e+01  -1.5933573e+01  -1.6440253e+01  -2.2572507e+01  -1.9507588e+01  -2.1071056e+01  -1.9316355e+01  -2.0938704e+01  -2.2332233e+01  -2.1300237e+01  -1.8384489e+01  -2.0601671e+01  -2.1407147e+01  -6.6845260e+00  -1.6379483e+01  -2.4956399e+01  -2.5630812e+01  -2.6530993e+01  -2.6833075e+01  -2.7329233e+01  -2.7735021e+01  -2.8174706e+01  -2.8029277e+01  -2.8197820e+01
  -1.1641445e+01  -1.1961007e+01  -1.2296561e+01  -1.2649111e+01  -1.3019736e+01  -1.3409568e+01  -1.3819790e+01  -1.4251625e+01  -1.4706320e+01  -1.5185132e+01  -1.5689295e+01  -1.6220269e+01  -1.7071019e+01  -1.8785355e+01  -1.7652488e+01  -1.6076294e+01  -2.0224037e+01  -2.2009536e+01  -2.0967999e+01  -2.0147992e+01  -2.0459908e+01  -2.5007539e+01  -2.3791638e+01  -2.2747409e+01  -1.5242442e+01  -2.8162228e+01  -2.6636673e+01  -2.6748619e+01  -2.7656416e+01  -2.8000093e+01  -2.7995651e+01  -2.8066290e+01
  -1.0938296e+01  -1.1246037e+01  -1.1569848e+01  -1.1910826e+01  -1.2270159e+01  -1.2649111e+01  -1.3049026e+01  -1.3471322e+01  -1.3917481e+01  -1.4389038e+01  -1.4887557e+01  -1.5414599e+01  -1.5971843e+01  -1.9754090e+01  -1.6200197e+01  -2.0938591e+01  -2.0679456e+01  -2.0346534e+01  -2.0984507e+01  -2.0436524e+01  -1.9493985e+01  -1.8886103e+01  -1.7146284e+01  -2.4088179e+01  -2.5748082e+01  -2.2423134e+01  -2.6398899e+01  -2.7033540e+01  -2.7560022e+01  -2.8011087e+01  -2.8282569e+01  -2.8090024e+01
  -1.0210468e+01  -1.0504515e+01  -1.0814542e+01  -1.1141720e+01  -1.1487331e+01  -1.1852755e+01  -1.2239483e+01  -1.2649111e+01  -1.3083342e+01  -1.3543984e+01  -1.4032928e+01  -1.4552138e+01  -1.5103605e+01  -1.5689582e+01  -1.9111449e+01  -2.0779816e+01  -2.0237092e+01  -1.8926352e+01  -1.7730276e+01  -1.9845546e+01  -2.1968406e+01  -2.0757906e+01  -2.2620067e+01  -2.0038456e+01  -2.8054335e+01  -1.3026436e+01  -2.6108208e+01  -2.7734210e+01  -2.7439800e+01  -2.8018977e+01  -2.7938513e+01  -2.7949850e+01
  -9.4585511e+00  -9.7369919e+00  -1.0031137e+01  -1.0342211e+01  -1.0671568e+01  -1.1020683e+01  -1.1391168e+01  -1.1784775e+01  -1.2203404e+01  -1.2649111e+01  -1.3124100e+01  -1.3630721e+01  -1.4171446e+01  -1.4748836e+01  -1.5365747e+01  -1.8974856e+01  -1.8268537e+01  -1.4495300e+01  -2.1398701e+01  -1.9407940e+01  -2.0502832e+01  -2.0851371e+01  -2.0564001e+01  -1.8097921e+01  -2.4079358e+01  -2.6521585e+01  -2.1778393e+01  -2.6581191e+01  -2.6685940e+01  -2.7464084e+01  -2.8246043e+01  -2.8219095e+01
  -8.6833614e+00  -8.9442719e+00  -9.2204089e+00  -9.5130299e+00  -9.8235327e+00  -1.0153412e+01  -1.0504514e+01  -1.0878566e+01  -1.1277677e+01  -1.1704115e+01  -1.2160358e+01  -1.2649111e+01  -1.3173298e+01  -1.3736056e+01  -1.4340697e+01  -1.4990929e+01  -1.8819038e+01  -2.3421143e+01  -2.0968274e+01  -1.7112508e+01  -2.0464530e+01  -1.9946618e+01  -2.2976448e+01  -2.2477254e+01  -2.1861130e+01  -2.5432231e+01  -2.5298073e+01  -2.3353700e+01  -2.8271037e+01  -2.8247537e+01  -2.8234271e+01  -2.8280529e+01
  -7.8854288e+00  -8.1274179e+00  -8.3834755e+00  -8.6550204e+00  -8.9442204e+00  -8.1300280e+00  -9.5803803e+00  -9.9309227e+00  -1.0306764e+01  -1.0709295e+01  -1.1141719e+01  -1.1606866e+01  -1.2108110e+01  -1.2649111e+01  -1.3233863e+01  -1.3866684e+01  -1.4552324e+01  -1.5904242e+01  -1.6910749e+01  -2.0297166e+01  -1.7126997e+01  -1.9250919e+01  -1.9918168e+01  -2.0901580e+01  -2.2750212e+01  -2.1755298e+01  -2.6323967e+01  -2.5846423e+01  -2.7259880e+01  -2.8281326e+01  -2.7903135e+01  -2.8282235e+01
   5.3613392e+00  -7.2873130e+00  -8.4790424e+00  -2.5668813e+00  -8.0351667e+00  -1.2264823e+01  -8.6200828e+00  -7.4263495e-01  -9.2916857e+00  -8.3209092e+00  -1.0069004e+01  -1.0504284e+01  -1.0976182e+01  -1.1487335e+01  -1.2043359e+01  -1.2649111e+01  -1.3310246e+01  -1.4033230e+01  -2.0274193e+01  -1.8093902e+01  -1.9643386e+01  -1.8262854e+01  -2.0812754e+01  -1.9498160e+01  -2.2011448e+01  -2.1342499e+01  -2.3163337e+01  -2.3794083e+01  -2.7734053e+01  -2.8259570e+01  -2.8253025e+01  -2.8264416e+01
  -6.2293863e+00  -6.4270162e+00  -6.6366768e+00  -6.8597113e+00  -7.0970605e+00   2.8213117e+01  -5.7314584e+00  -7.9192847e+00  -1.1138403e+01  -8.5752029e+00  -8.9436430e+00  -3.8766609e+00  -1.5677222e+01  -1.0251848e+01  -1.0769189e+01  -1.1336923e+01  -1.1960514e+01  -1.2648562e+01  -1.3409831e+01  -1.4251576e+01  -1.8544331e+01  -1.8423592e+01  -1.4623144e+01  -1.9429572e+01  -2.0394822e+01  -2.1011095e+01  -2.2511515e+01  -2.4186369e+01  -2.7391856e+01  -2.6959919e+01  -2.8276722e+01  -2.8284251e+01
  -5.3746387e+00  -5.5470020e+00  -5.7305519e+00  -5.9263776e+00  -6.1363333e+00  -1.9831017e+01  -6.6013021e+00  -6.8592602e+00  -7.1384303e+00  -2.3745105e+00   9.6535658e-01  -4.3494466e+00  -4.2556049e+00  -9.9297095e+00  -8.4384513e+00  -1.1333337e+01   1.6002862e+00   2.7991891e+00  -1.1851908e+01  -4.5127513e+00  -3.7498304e+00  -1.9168845e+01  -1.6371965e+01  -1.8410699e+01  -1.7849968e+01  -1.9298985e+01  -2.1916838e+01  -2.3540993e+01  -2.2915125e+01  -2.7969104e+01  -2.8206339e+01  -2.8234833e+01
  -4.5037799e+00  -4.6499056e+00  -4.8056933e+00  -4.9721100e+00  -5.1490506e+00   2.8173291e+01  -5.5441298e+00   1.0350734e+01   8.8238642e+00  -6.2660446e+00   6.8456355e+00  -6.8590273e+00  -7.1974992e+00  -2.8606996e+00  -2.1436485e+00  -7.8862215e+00  -8.9435872e+00  -8.1930930e+00  -1.1637918e+01  -5.2188568e+00  -1.1703520e+01  -1.6273521e+01  -1.3902897e+01  -1.6020727e+01  -1.7568823e+01  -2.0444221e+01  -2.1509414e+01  -2.3185377e+01  -2.4664241e+01  -2.7626708e+01  -2.8274509e+01  -2.8143442e+01
  -3.6195812e+00  -3.7381545e+00  -3.8646892e+00  -4.0000000e+00  -4.1450016e+00  -4.2984744e+00   2.7378692e+01  -4.6470686e+00  -4.8443804e+00   8.3048808e+00  -5.2906023e+00  -1.8851618e+00  -3.2348571e-04   9.6732531e-01  -4.6509556e+00  -2.6445903e+00  -5.7361944e+00  -7.7697839e+00  -6.8745134e+00  -8.9437545e+00  -7.3053708e+00  -7.7733712e+00  -8.9474616e+00  -2.2003374e+01  -1.5984774e+01  -1.6250054e+01  -2.0168795e+01  -2.1648473e+01  -2.3888176e+01  -2.7519429e+01  -2.8253071e+01  -2.8104533e+01
  -2.7244636e+00  -2.8143902e+00  -2.9104275e+00  -3.0132118e+00  -3.1234752e+00  -3.2407453e+00   2.7990294e+01   2.2160761e+01   1.2192684e+01  -2.5331242e-01   5.1432733e+00   5.1096814e-01   3.3952739e+00   3.6858439e-01   1.8411690e+00  -8.8481199e-01  -1.7033300e-01   1.3127014e+00  -5.5042647e+00  -4.7431090e+00  -3.8040630e+00  -6.2369219e+00  -6.6306346e+00  -8.8235901e+00  -1.2208183e+01  -9.3261092e+00  -1.8092333e+01  -2.0799498e+01  -2.4300314e+01  -2.6121213e+01  -2.8269577e+01  -2.8278315e+01
  -1.8210085e+00  -1.8814417e+00  -1.9460170e+00  -2.0151709e+00  -2.0894067e+00  -2.1681935e+00   2.6026325e+01   1.9801474e+01   1.0907858e+01   5.6864278e+00  -4.5418689e+00  -1.5207462e+00  -1.3254634e+00  -2.6403597e+00   3.8199152e+00   5.7322031e+00   1.2489245e+00   3.1220242e+00   4.9891626e-01  -3.3254603e+00  -2.4204545e+00  -4.0788471e+00  -3.9358823e+00  -5.5062144e+00  -7.0478615e+00  -7.9869282e+00  -9.5052355e+00  -1.5909471e+01  -2.1253711e+01  -2.4976907e+01  -2.7783229e+01  -2.8276857e+01
  -9.1192284e-01  -9.4228570e-01  -9.7474036e-01  -1.0095089e+00  -1.0468478e+00  -1.0859594e+00   2.5116610e+01   9.8673472e+00   4.9337067e+00   9.1164268e-01  -6.4056847e+00  -2.8582040e+00  -4.1718041e+00   4.4518688e+00   2.8323538e+00   3.2238191e+00  -1.1124488e+00  -5.7117124e-01   3.0769620e-01  -9.0665718e-01  -2.4612472e+00  -1.2037775e+00  -3.5331286e+00  -4.0030051e+00  -4.3786088e+00  -6.0052281e+00  -6.3748294e+00  -9.4222692e+00  -1.6868121e+01  -2.3221081e+01  -2.7408322e+01  -2.7897520e+01
  -3.0753636e-13  -3.6801147e-13   5.5095101e-14   4.5955982e-09   1.7086659e-05   2.0012504e-03   2.0833855e+01   1.2748664e+01   2.1509321e-04   2.0734569e-04   2.3850420e+00   5.7312409e+00   1.3823041e+01   1.1106167e+01   1.9206099e+01   6.2078461e-04  -8.9273017e+00  -2.5285139e+01   2.5532712e+00   1.7828852e-05   8.6868559e-05   1.7606617e+00   8.5493835e-01   4.4797762e-06   5.5063198e-02  -5.4478744e+00   7.2064820e+00  -5.0013770e+00  -1.3194499e+01  -1.9235125e+01  -2.7712589e+01   0.0000000e+00
   9.1192284e-01   9.4228569e-01   9.7474035e-01   1.0095090e+00   1.0479451e+00   2.5222966e+01   2.4477868e+01   1.1791280e+00   1.2284324e+00   1.2843216e+00   1.3467249e+00   2.7849437e+01  -1.6963396e+01   2.6481073e+01   1.6629125e+00   1.7643314e+00   1.8810253e+00   2.0140754e+00   2.1693890e+00   2.3479269e+00   2.5607223e+00   2.8144702e+00   3.1235150e+00   3.5082318e+00   3.9999207e+00   4.6496758e+00   5.5472823e+00   6.8597356e+00   8.9429433e+00  -7.4243122e+00  -2.7541469e+01  -2.0991512e+01
   1.8209667e+00   1.8813980e+00   1.9459718e+00   2.0151241e+00   2.0893761e+00   2.1703918e+00   2.2565693e+00   2.3488435e+00   2.4501989e+00   2.5606784e+00   2.6815653e+00   2.8156486e+00   2.9601043e+00   3.1245857e+00   3.3047129e+00   3.5081519e+00   3.7380694e+00   3.9999092e+00   4.3007296e+00   4.6498012e+00   5.0595318e+00   5.5468799e+00   6.1355869e+00   6.8597975e+00   7.7701263e+00   8.9440947e+00   1.0504320e+01   1.2648901e+01   1.5689068e+01   1.9999307e+01   2.5298157e+01   2.8284271e+01
