   2.1681457e+00  -1.8962288e+01   1.8193911e+00  -6.3599597e+00  -1.2525369e+01  -2.6260145e+01  -1.3410667e+01  -2.1136944e+01  -2.8194807e+01  -2.7896231e+01  -2.8270222e+01  -2.8061936e+01  -2.7994694e+01  -2.8254805e+01  -2.8143995e+01   0.0000000e+00   0.0000000e+00   0.0000000e+00   0.0000000e+00   0.0000000e+00   0.0000000e+00   0.0000000e+00  -2.5706844e+01  -5.0692748e+00  -2.6083093e+01  -2.3676343e+01  -2.5072860e+01  -2.6514356e+01  -2.6630588e+01  -5.5526151e+00  -2.6832478e+01  -2.6920489e+01
  -2.9049914e+00  -4.4754901e+00  -1.8943438e+00  -7.5591542e+00  -9.8476758e+00   4.8967380e+00  -2.7173218e+01  -1.6441236e+01  -2.8025855e+01   6.4222008e+00  -2.0547900e+01  -2.1512531e+01  -2.2327132e+01  -2.8277888e+01   1.0748054e+01   0.0000000e+00   0.0000000e+00   0.0000000e+00   0.0000000e+00   0.0000000e+00   0.0000000e+00   0.0000000e+00  -2.0379163e+01  -2.0853844e+01  -2.6182079e+01  -2.5847313e+01  -2.6690598e+01  -2.6832813e+01  -2.6929737e+01  -1.4992280e+01  -2.7097534e+01  -2.7170247e+01
   1.1501246e+01   1.0015057e+00  -4.5033989e+00  -4.1196241e+00  -1.0938103e+01  -1.3598776e+01  -1.5863350e+01  -1.7754756e+01   5.3902410e+00  -2.0613214e+01  -2.6582742e+01  -2.2561436e+01  -2.3292319e+01  -2.3902839e+01  -2.4415624e+01  -1.8218960e+01  -1.8758061e+01  -2.7865834e+01  -2.8001598e+01  -2.8034306e+01  -2.8271804e+01  -2.4701495e+01  -2.5919842e+01  -2.7387731e+01  -2.6832821e+01  -2.6604133e+01  -2.7039279e+01  -2.7126707e+01  -2.7204903e+01  -1.8419572e+01  -2.7340488e+01  -1.9455362e+01
   3.1238581e+00  -3.1377761e+00  -4.3919163e+00  -8.9629033e+00  -1.2269561e+01  -9.0005463e-01  -1.7364381e+01  -1.8559599e+01  -9.9619796e-01  -1.9689499e+00  -2.2847463e+01  -2.3622203e+01  -2.4253562e+01  -2.4772447e+01  -2.5202932e+01  -1.8823109e+01  -2.4355348e+01  -2.5354633e+01  -2.6340330e+01  -2.6528188e+01  -2.6403298e+01  -2.7077526e+01  -2.3969547e+01  -2.8157249e+01  -2.7162762e+01  -2.7248220e+01  -2.7324755e+01  -2.7392962e+01  -9.9272155e+00  -1.0970703e+01  -2.7559642e+01  -2.5384016e+01
   3.6580410e+00  -1.2288828e+00  -2.0801264e+00  -1.3352793e+01  -1.3917598e+01  -1.6811167e+01  -1.9998935e+01  -2.0815939e+01  -2.7336134e+01  -2.3204334e+01  -2.4021383e+01  -2.4667933e+01  -2.5185450e+01  -2.5603971e+01  -2.5946528e+01  -2.6229949e+01  -2.6466072e+01  -2.6763738e+01  -2.8107515e+01  -2.6032083e+01  -2.8268512e+01  -2.2224601e+01  -2.3429441e+01  -2.7384766e+01  -2.7456903e+01  -2.2530196e+01  -2.7578211e+01  -2.8001730e+01  -2.6562935e+01  -2.7715741e+01  -2.7766956e+01  -2.7786682e+01
   4.4106766e+00  -9.8077158e+00  -7.2877366e+00  -9.5293777e+00  -1.5971281e+01  -1.2304313e+01  -2.0973600e+01  -2.2518402e+01  -1.6359156e+01  -2.2139536e+01  -2.4678681e+01  -2.5662639e+01  -2.8132277e+01  -2.6371646e+01  -2.7842923e+01  -2.7655664e+01  -2.4935021e+01  -2.7433533e+01  -2.3940447e+01  -2.7439457e+01  -2.4907824e+01  -2.5953283e+01  -2.8137127e+01  -2.5070259e+01  -2.6835062e+01  -2.8276067e+01  -2.7465178e+01  -2.0682157e+01  -2.7863970e+01  -2.7892733e+01  -2.7918540e+01  -2.7941889e+01
   5.5460960e+00  -2.3034556e+00  -7.5160559e+00  -2.1399411e+01  -1.8524362e+01  -1.3008240e+01  -2.3079993e+01  -2.0005648e+01  -2.5531339e+01  -2.5748896e+01  -2.6212026e+01  -2.4180268e+01  -2.5819055e+01  -2.6332982e+01  -2.8190669e+01  -2.7353136e+01  -2.7357545e+01  -2.7559999e+01  -2.7899127e+01  -2.6485206e+01  -2.7762474e+01  -2.7592301e+01  -2.7854011e+01  -2.7891373e+01  -2.5166574e+01  -2.7952103e+01  -2.4120937e+01  -2.7999831e+01  -2.8020194e+01  -2.8038321e+01  -2.8054650e+01  -2.8069410e+01
  -2.7581871e+01  -2.5627037e+00  -1.3629933e+01  -1.7911254e+01  -2.6497541e+01  -2.0253111e+01  -2.2090049e+01  -2.5888717e+01  -2.6445524e+01  -2.4814308e+01  -2.7013285e+01  -2.7216648e+01  -2.7475196e+01  -2.8091135e+01  -2.3463173e+01  -2.8265734e+01  -2.7597134e+01  -2.8246586e+01  -2.8197202e+01  -2.7968604e+01  -2.7852907e+01  -2.8132942e+01  -2.8050625e+01  -2.8282791e+01  -2.7331293e+01  -2.8104036e+01  -2.1749672e+01  -2.8130252e+01  -2.8141334e+01  -2.8151204e+01  -2.8160089e+01  -2.8168113e+01
   1.1139476e+01  -2.7416409e+01  -2.7805067e+01  -2.2326561e+01  -2.1744489e+01  -2.0708295e+01  -2.6832368e+01  -2.5745704e+01  -2.4413724e+01  -2.7494607e+01  -2.6834234e+01  -2.7880652e+01  -2.4341919e+01  -2.5657730e+01  -2.4953362e+01  -2.8019770e+01  -2.8099926e+01  -2.8266487e+01  -2.5765142e+01  -2.8155187e+01  -2.8168171e+01  -2.8168615e+01  -2.8232958e+01  -2.8147476e+01  -2.8217239e+01  -2.8210908e+01  -2.8216536e+01  -2.8221625e+01  -2.8226126e+01  -2.8230158e+01  -2.8233785e+01  -2.8237059e+01
  -1.3501091e+01  -1.2782887e+01  -2.4902926e+01  -2.0502083e+01  -1.7129622e+01  -2.4530700e+01  -2.4182767e+01  -2.4345486e+01  -2.8133971e+01  -2.6920465e+01  -2.8267649e+01  -2.5902966e+01  -2.7924700e+01  -2.8231403e+01  -2.8239043e+01  -2.8245176e+01  -2.8250128e+01  -2.8254199e+01  -2.8257604e+01  -2.8260418e+01  -2.8262829e+01  -2.8264900e+01  -2.8266678e+01  -2.8268230e+01  -2.8269567e+01  -2.8270754e+01  -2.8271802e+01  -2.8272734e+01  -2.8273564e+01  -2.8274309e+01  -2.8274978e+01  -2.8275582e+01
  -5.4215136e+00  -2.0001311e+01  -2.8283308e+01  -2.1165572e+01  -2.4880957e+01  -1.8642535e+01  -2.2214767e+01  -2.8261771e+01  -2.7094278e+01  -2.6329659e+01  -2.5915568e+01  -2.8275885e+01  -2.8277284e+01  -2.8278383e+01  -2.8279238e+01  -2.8279919e+01  -2.8280471e+01  -2.8280925e+01  -2.8281301e+01  -2.8281618e+01  -2.8281886e+01  -2.8282116e+01  -2.8282314e+01  -2.8282486e+01  -2.8282636e+01  -2.8282768e+01  -2.8282885e+01  -2.8282989e+01  -2.8283081e+01  -2.8283164e+01  -2.8283238e+01  -2.8283305e+01
  -1.3488630e+01   2.7895048e+01  -2.2756132e+01  -2.1840000e+01  -2.6938301e+01  -1.7578581e+01  -2.8187104e+01  -2.5709749e+01  -2.7873329e+01  -2.6212997e+01  -2.8029658e+01  -2.8076266e+01  -2.8111277e+01  -2.8138159e+01  -2.8159241e+01  -2.8176076e+01  -2.8189732e+01  -2.8200960e+01  -2.8210302e+01  -2.8218159e+01  -2.8224828e+01  -2.8230538e+01  -2.8235463e+01  -2.8239742e+01  -2.8243482e+01  -2.8246770e+01  -2.8249676e+01  -2.8252257e+01  -2.8254560e+01  -2.8256623e+01  -2.8258479e+01  -2.8260154e+01
  -1.8940758e+01  -2.4044748e+01  -2.6057410e+01  -2.0003386e+01  -2.7278579e+01  -2.4998591e+01  -2.7810533e+01  -2.6612801e+01  -2.7013299e+01  -2.7287807e+01  -2.7482912e+01  -2.7626502e+01  -2.7735010e+01  -2.7818915e+01  -2.7885083e+01  -2.7938156e+01  -2.7981357e+01  -2.8016981e+01  -2.8046695e+01  -2.8071733e+01  -2.8093024e+01  -2.8111277e+01  -2.8127044e+01  -2.8140754e+01  -2.8152750e+01  -2.8163305e+01  -2.8172641e+01  -2.8180939e+01  -2.8188346e+01  -2.8194985e+01  -2.8200960e+01  -2.8206354e+01
  -2.8211461e+01  -2.7683034e+01  -1.0157878e+01  -2.5936745e+01  -1.6125382e+01  -2.2468736e+01  -2.4049483e+01  -2.5094285e+01  -2.5809661e+01  -2.6315923e+01  -2.6685082e+01  -2.6961434e+01  -2.7173101e+01  -2.7338489e+01  -2.7469991e+01  -2.7576162e+01  -2.7663048e+01  -2.7735010e+01  -2.7795253e+01  -2.7846171e+01  -2.7889582e+01  -2.7926884e+01  -2.7959165e+01  -2.7987283e+01  -2.8011921e+01  -2.8033628e+01  -2.8052850e+01  -2.8069950e+01  -2.8085229e+01  -2.8098935e+01  -2.8111277e+01  -2.8122429e+01
  -2.7856102e+01  -2.7132229e+01  -2.7588681e+01  -2.8271848e+01  -2.7300613e+01  -2.0001066e+01  -2.1984218e+01  -2.3389204e+01  -2.4400786e+01  -2.5143997e+01  -2.5701262e+01  -2.6127372e+01  -2.6459146e+01  -2.6721752e+01  -2.6932716e+01  -2.7104471e+01  -2.7245993e+01  -2.7363873e+01  -2.7463026e+01  -2.7547170e+01  -2.7619153e+01  -2.7681188e+01  -2.7735010e+01  -2.7781995e+01  -2.7823244e+01  -2.7859649e+01  -2.7891934e+01  -2.7920694e+01  -2.7946421e+01  -2.7969526e+01  -2.7990351e+01  -2.8009183e+01
   3.9986651e+00  -1.3465721e+00  -6.5529913e+00  -2.4502463e+01  -2.7231473e+01  -2.6386042e+01  -2.7222976e+01  -2.5588014e+01  -2.2909046e+01  -2.3862354e+01  -2.4598432e+01  -2.5174228e+01  -2.5630730e+01  -2.5997347e+01  -2.6295364e+01  -2.6540351e+01  -2.6743842e+01  -2.6914479e+01  -2.7058824e+01  -2.7181909e+01  -2.7287642e+01  -2.7379087e+01  -2.7458671e+01  -2.7528333e+01  -2.7589638e+01  -2.7643855e+01  -2.7692027e+01  -2.7735010e+01  -2.7773518e+01  -2.7808146e+01  -2.7839394e+01  -2.7867684e+01
   3.3697346e+00  -1.1304671e+00  -5.5470135e+00  -9.5817128e+00  -2.3525896e+01  -1.9300452e+01  -1.9324856e+01  -2.6321285e+01  -2.5935962e+01  -2.2545435e+01  -2.3436185e+01  -2.4149005e+01  -2.4724901e+01  -2.5194550e+01  -2.5581188e+01  -2.5902402e+01  -2.6171582e+01  -2.6399000e+01  -2.6592607e+01  -2.6758603e+01  -2.6901872e+01  -2.7026288e+01  -2.7134954e+01  -2.7230371e+01  -2.7314572e+01  -2.7389221e+01  -2.7455690e+01  -2.7515115e+01  -2.7568446e+01  -2.7616478e+01  -2.7659884e+01  -2.7699231e+01
   2.9102518e+00  -9.7474045e-01  -4.8056936e+00  -8.3834451e+00  -1.1570823e+01  -2.2233248e+01  -1.9192123e+01  -2.5099504e+01  -2.0000954e+01  -2.1952358e+01  -2.5391956e+01  -2.3091789e+01  -2.3774938e+01  -2.4340784e+01  -2.4812723e+01  -2.5209150e+01  -2.5544487e+01  -2.5830085e+01  -2.6075201e+01  -2.6286054e+01  -2.6469375e+01  -2.6629040e+01  -2.6769167e+01  -2.6892815e+01  -2.7001935e+01  -2.7099095e+01  -2.7185824e+01  -2.7263532e+01  -2.7333409e+01  -2.7396455e+01  -2.7453521e+01  -2.7505326e+01
   2.5605818e+00  -8.5670593e-01  -4.2371362e+00  -7.4420843e+00  -1.0366886e+01  -1.2953386e+01  -5.0923462e-01  -2.8273657e+01  -2.4724203e+01  -2.6841785e+01  -2.4964518e+01  -1.9711845e+01  -2.2808394e+01  -2.3460018e+01  -2.4010441e+01  -2.4478590e+01  -2.4877802e+01  -2.5220673e+01  -2.7657231e+01  -2.5773856e+01  -2.8167939e+01  -2.6194151e+01  -2.6367099e+01  -2.8120723e+01  -2.6656119e+01  -2.6777095e+01  -2.6885591e+01  -2.6983017e+01  -2.7070826e+01  -2.7150208e+01  -2.7222188e+01  -2.7287639e+01
   2.2856781e+00  -7.6416076e-01  -3.7877702e+00  -6.6850323e+00  -9.3758399e+00  -1.1808735e+01  -2.8270712e+01   2.8024097e+01  -2.5444300e+01  -2.6540273e+01  -2.7383300e+01  -2.0139410e+01  -1.9485967e+01  -2.2571938e+01  -2.3193359e+01  -2.2329270e+01  -2.4763398e+01  -2.7560944e+01  -2.4927398e+01  -2.8119837e+01  -2.5494296e+01  -2.8117597e+01  -2.5933972e+01  -2.6117595e+01  -2.7227890e+01  -2.6427052e+01  -2.6832785e+01  -2.6676640e+01  -2.6783269e+01  -2.6880011e+01  -2.6967905e+01  -2.7047968e+01
   2.0639360e+00  -6.8965520e-01  -3.4239348e+00  -6.0643542e+00  -8.5487474e+00  -1.0832608e+01   4.0889906e+00  -1.4723996e+01  -1.6333620e+01  -1.7735235e+01  -2.3813050e+01  -2.0942896e+01  -2.3418758e+01  -2.1692869e+01  -1.3239821e+01  -2.2962757e+01  -2.3475182e+01  -2.3922983e+01  -2.4315536e+01  -2.4661116e+01  -2.4965686e+01  -2.5235785e+01  -2.5475596e+01  -2.7419689e+01  -2.8066006e+01  -2.6052883e+01  -2.6823926e+01  -2.8039018e+01  -2.6473550e+01  -2.6588118e+01  -2.6692785e+01  -2.6788205e+01
   1.8813259e+00  -6.2838424e-01  -3.1234753e+00  -5.5470020e+00  -7.8500069e+00  -9.9953701e+00   2.8138745e+01  -1.3735943e+01  -1.5321628e+01  -1.6726295e+01  -1.7963868e+01  -2.1403704e+01  -2.0607988e+01  -1.3348329e+01  -2.1561434e+01  -2.2199849e+01  -2.2761036e+01  -2.3255107e+01  -2.3691205e+01  -2.4077203e+01  -2.4419846e+01  -2.4724902e+01  -2.4997299e+01  -2.5241355e+01  -2.5460634e+01  -2.5657700e+01  -2.5835970e+01  -2.5997535e+01  -2.6143771e+01  -2.2464750e+01  -2.6398684e+01  -2.6510294e+01
   1.7283469e+00  -5.7710987e-01  -2.8712407e+00  -5.1095966e+00  -7.2530686e+00  -9.2701268e+00   5.1559321e+00  -1.2853747e+01  -1.4405770e+01  -1.5799605e+01  -1.7044179e+01  -1.8150959e+01  -2.2724299e+01  -1.8396072e+01  -2.0768281e+01  -2.1448436e+01  -2.2050994e+01  -2.2585652e+01  -2.3060936e+01  -2.3484326e+01  -2.3862350e+01  -2.4200679e+01  -2.4504226e+01  -2.4777248e+01  -2.5023428e+01  -2.5245954e+01  -2.5447588e+01  -2.5630730e+01  -2.5797459e+01  -2.5949245e+01  -1.8941628e+01  -2.6216013e+01
   1.5983456e+00  -5.3357230e-01  -2.6565408e+00  -4.7352180e+00  -6.7379434e+00  -8.6388108e+00  -1.0418286e+01  -1.2066621e+01  -1.3576808e+01  -1.4949927e+01  -1.6190620e+01  -1.7306397e+01  -1.8306671e+01  -1.9200894e+01  -2.0000033e+01  -2.0713615e+01  -2.1351032e+01  -2.1920869e+01  -2.2430900e+01  -2.2888089e+01  -2.3298619e+01  -2.3667951e+01  -2.4000887e+01  -2.4301637e+01  -2.4573890e+01  -2.4820871e+01  -2.5045404e+01  -2.5249961e+01  -2.5436707e+01  -2.5607536e+01  -2.5763904e+01  -2.5907931e+01
