   2.8260742e+01   2.8258700e+01   2.8256380e+01   2.8253730e+01   2.8250683e+01   2.8247098e+01   1.2029336e+01   1.9693771e+01   2.2373969e+01  -3.3724572e+00   2.7769988e+01   2.5951933e+01   2.3276915e+01   2.4868706e+01   2.3087365e+01   0.0000000e+00   0.0000000e+00   0.0000000e+00   0.0000000e+00   0.0000000e+00   0.0000000e+00   0.0000000e+00   2.6261962e+01   1.4902081e+01  -1.8685362e+01   2.4746963e+01   2.1621772e+01  -2.6707326e+01  -2.8159173e+01   1.6907922e+01  -2.8140024e+01  -2.4855923e+01
   2.8284271e+01   2.8284271e+01   2.8284271e+01   2.8284271e+01   2.8284271e+01   2.8284271e+01   2.8284271e+01   2.7015414e+01  -7.5293533e-01   2.6201383e+01   2.8057593e+01   2.7901084e+01   2.8152494e+01   2.8238111e+01   2.4951403e+01   0.0000000e+00   0.0000000e+00   0.0000000e+00   0.0000000e+00   0.0000000e+00   0.0000000e+00   0.0000000e+00   2.8284271e+01   7.6181301e+00   1.5594303e+01   1.5404877e+01   1.4696466e+01  -2.0011686e+01   2.3368714e+01  -2.7545588e+01   1.1698652e+01  -2.0361392e+01
   2.8260740e+01   2.8258698e+01   2.8256377e+01   2.8253727e+01   2.8250679e+01   2.8247153e+01   2.8243041e+01   2.8238229e+01   2.8232595e+01   2.5631781e+01   2.8217204e+01   2.8206976e+01   2.8194210e+01   2.7791942e+01   2.7730124e+01   2.8200415e+01   2.7384523e+01   2.8172370e+01   2.7867318e+01   2.8213064e+01   2.8132673e+01   2.6901282e+01   1.8856143e+01   1.9273330e+01   1.9587965e+01   1.8335180e+01   1.9712415e+01   2.7761323e+01   2.7012277e+01  -2.7724544e+01  -2.7828325e+01  -2.7955310e+01
   2.8190498e+01   2.8182392e+01   2.8173189e+01   2.8162683e+01   2.8150618e+01   2.8136668e+01   2.8120422e+01   2.8101492e+01  -1.9138089e+00   2.8051814e+01   2.8018995e+01   2.7978844e+01   2.7928980e+01   2.5302570e+01   2.7784697e+01   2.6832765e+01   2.7426164e+01   2.8026581e+01   2.7497602e+01   2.8094210e+01   2.6928515e+01   2.3234908e+01   2.1306560e+01   2.0084359e+01   1.6333919e+01   6.5978497e+00  -2.6187126e+01  -2.2085566e+01  -1.6411177e+01  -2.8275881e+01  -2.7539732e+01  -2.8116659e+01
   2.8074582e+01   2.8056577e+01   2.8036159e+01   2.8012881e+01   2.7986185e+01   2.7955373e+01   2.7919559e+01   2.7877614e+01   2.7828493e+01   2.7768933e+01   2.7697469e+01   2.4562439e+01   2.7503176e+01   2.7368256e+01   2.7195668e+01  -1.6792666e+00   2.6671361e+01   2.6261446e+01   2.6886181e+01   2.5046910e+01   2.2793349e+01   2.0719299e+01   1.9636865e+01   1.9354089e+01   1.3573223e+01  -5.4179356e+00  -1.2649572e+01  -1.8107152e+01  -2.1473906e+01   2.7557337e+00  -2.4830469e+01  -2.5681150e+01
   2.7914676e+01   2.7883233e+01   2.7847633e+01   2.7807117e+01   2.7760746e+01   2.7707348e+01   2.7645447e+01   2.7573451e+01   8.6864435e+00   2.7387065e+01   2.0399068e+01   2.7118623e+01   2.6938648e+01   2.6714409e+01   2.6430984e+01   2.6635484e+01   2.5951986e+01   2.6064162e+01   2.3132298e+01   2.1177803e+01   2.2119325e+01   1.8962082e+01   1.7869776e+01   1.7193363e+01   1.6958551e+01  -3.8637656e+00  -9.9312889e+00  -1.4990636e+01  -1.8625298e+01  -2.1138617e+01  -2.2874493e+01  -2.4088492e+01
   2.7713042e+01   2.7665013e+01   2.7610740e+01   2.7549107e+01   2.7478745e+01   2.7397952e+01   2.7304600e+01   2.7196010e+01   2.7068952e+01   2.1813835e+01   2.6738829e+01   2.6523548e+01   2.6926736e+01   2.6192974e+01   6.6886786e+00   2.6034276e+01   2.2164495e+01   2.2328165e+01   2.2449215e+01   2.2769353e+01   2.1101140e+01   1.9620344e+01   1.8197971e+01   1.9755158e+01   1.2716094e+01  -2.8140115e+00  -8.1274275e+00  -1.2649112e+01  -1.6219242e+01  -2.7599057e-01  -2.0928122e+01  -2.2418737e+01
   2.7472434e+01   2.7405131e+01   2.7329251e+01   2.7243305e+01   2.7145473e+01   2.7033513e+01   2.6904644e+01   2.6755391e+01   2.6581354e+01   2.6636034e+01   2.6135227e+01   2.5298905e+01   2.5298392e+01   1.3959933e+01   2.5587525e+01   2.3705587e+01   2.1873624e+01   2.2301491e+01   2.2100041e+01   1.9771955e+01   1.9770047e+01   1.8181944e+01   1.9548309e+01   2.5836357e+01   2.3502303e+00  -2.3488750e+00  -6.8599442e+00  -1.0878567e+01  -1.4250912e+01  -1.5103659e-01  -1.9111804e+01  -2.0783316e+01
   2.7197357e+01   2.7107265e+01   2.7007560e+01   2.6894712e+01   2.6767081e+01   2.6621010e+01   2.6453887e+01   2.6261057e+01   2.5299261e+01   2.5777540e+01   2.7385427e+01   2.5618657e+01   2.5417689e+01   2.1869309e+01   2.4213104e+01   2.2656119e+01   2.3088046e+01   2.1578874e+01   2.1254273e+01   2.0388683e+01   1.8905584e+01   1.9291572e+01   1.2900205e+01   5.9274976e+00   2.0151855e+00  -2.0151711e+00  -5.9263780e+00  -9.5130303e+00  -1.2647550e+01  -3.9431308e+00  -1.7472510e+01  -1.9245991e+01
   7.0578234e+00   2.6777008e+01   2.8282779e+01   2.6509073e+01   2.6849582e+01   2.6168231e+01   2.5960705e+01   1.8203309e+01   2.7564631e+01   2.5134210e+01   2.4883885e+01   2.4332855e+01   2.2232668e+01   2.2301185e+01   2.3230062e+01   2.1000911e+01   2.0740643e+01   2.0647029e+01   1.9941756e+01   2.0410497e+01   1.5199074e+01   1.4029531e+01  -2.0672737e+01   5.2112570e+00   1.7643244e+00  -1.7643245e+00  -5.2124671e+00  -8.4364910e+00  -1.1336198e+01   9.0313733e-01  -1.0070638e+01  -1.7835549e+01
   2.6551077e+01   2.6330790e+01   2.6261438e+01   2.6090579e+01   2.5898886e+01   2.8283918e+01   2.5434350e+01   2.6684407e+01   2.4353483e+01   2.6259442e+01   2.3568848e+01   2.6736365e+01   1.9813963e+01   2.1913054e+01   2.0165823e+01   2.0872636e+01   2.0289182e+01   2.0504989e+01   2.0256016e+01   1.7961416e+01   1.4988406e+01   1.2612544e+01   7.5690939e+00   4.6498862e+00   1.5689291e+00  -1.5689291e+00  -4.6499057e+00  -7.5701117e+00  -1.0249773e+01  -2.5737574e+00  -1.4746272e+01  -1.6560095e+01
   2.0480535e+01  -9.3823182e+00   2.5845998e+01   2.5646005e+01   2.5996185e+01   2.5167846e+01   1.9191029e+01   2.1290247e+01   2.4723958e+01   2.2084002e+01   2.1953129e+01   2.1136944e+01   1.8378749e+01   2.0674563e+01   2.1201612e+01   2.1159442e+01   1.9886774e+01   1.9709999e+01   1.5677458e+01   1.4202189e+01   1.3786035e+01   1.5240757e+01   6.8602315e+00   4.1957017e+00   1.4124491e+00  -1.4124491e+00  -4.1957017e+00  -6.8599435e+00  -9.3429936e+00   5.5883751e+00  -1.3630221e+01  -1.5414526e+01
   2.5802799e+01   2.5616318e+01   2.5410173e+01   2.5911378e+01   2.4922955e+01   2.2367458e+01   1.0689331e+01   2.4252359e+01   1.9499397e+01   1.9766349e+01   1.9302232e+01   1.9079782e+01   2.1134554e+01   1.9871182e+01   2.0953770e+01   1.8706796e+01   2.0252547e+01   1.7028901e+01   1.3410900e+01   1.3719062e+01   1.0709787e+01   1.3404491e+01   6.2686245e+00   3.8215786e+00   1.2843226e+00  -1.2843226e+00  -3.8215786e+00  -6.2683915e+00  -8.5758785e+00  -1.0708543e+01  -1.5842653e+01  -1.4389109e+01
   2.7653452e+01   2.6443489e+01   2.4956774e+01   2.4697621e+01   2.4409597e+01   2.4087940e+01   2.2419688e+01   1.8240106e+01   1.8239817e+01   2.1169167e+01   2.0148128e+01   2.0316258e+01   2.0044297e+01   2.0964438e+01   2.0180746e+01   2.1487917e+01   1.4746869e+01   1.4947567e+01   1.4988936e+01   1.1784951e+01   1.1140334e+01   7.9198795e+00   5.7687011e+00   3.5082321e+00   1.1774896e+00  -1.1774896e+00  -3.5082321e+00  -5.7686975e+00  -7.9192870e+00  -3.1820457e+00  -1.1784151e+01  -1.3471244e+01
   2.4985019e+01   2.4749770e+01   2.4490180e+01   1.9091711e+01   2.0424531e+01   7.4626864e+00   2.3140933e+01   1.6533997e+01   1.7528640e+01   1.5689575e+01   1.9919350e+01   1.9912323e+01   2.0520092e+01   1.9236749e+01   2.1203567e+01   2.2028781e+01   1.6161865e+01   1.4134376e+01   1.4382670e+01   1.1020753e+01   9.2521396e+00   7.3531612e+00   5.3414109e+00   3.2420594e+00   1.0870529e+00  -1.0870529e+00  -3.2420594e+00  -5.3414109e+00  -7.3526952e+00   1.2509370e+00   1.1840100e+00  -1.2648557e+01
   2.4557613e+01   2.4299061e+01   2.4014734e+01   1.7599434e+01   2.3356793e+01   2.2974868e+01   1.5449495e+01   1.8628689e+01   1.9531181e+01   1.8795018e+01   1.8725808e+01   2.1739103e+01   2.0089926e+01   2.1355470e+01   1.7881075e+01   1.6557714e+01   1.2872328e+01   1.3001802e+01   1.3002452e+01   1.0031659e+01   8.6552341e+00   6.8599434e+00   4.9721101e+00   3.0132118e+00   1.0095089e+00  -1.0095089e+00  -3.0132118e+00  -4.9721101e+00  -6.8599283e+00  -8.6538142e+00   1.8978067e+00  -1.1910287e+01
   2.4122265e+01   2.3841440e+01   2.3533933e+01   2.3196463e+01   2.2825887e+01   1.0641490e+01   1.9771309e+01   1.5892703e+01   1.9703082e+01   2.0680536e+01   1.8708478e+01   2.0593828e+01   1.9533385e+01   1.5482834e+01   1.6219873e+01   1.3796158e+01   1.3356842e+01   1.2649283e+01   1.1246196e+01   1.2074889e+01   8.1275349e+00   6.4270241e+00   4.6499056e+00   2.8143902e+00   9.4228570e-01  -9.4228570e-01  -2.8143902e+00  -4.6499055e+00  -6.4265183e+00   3.0089875e+00  -2.8069817e+01  -1.1247159e+01
   2.3681573e+01   2.3379757e+01   2.3050417e+01   2.2690582e+01   2.2296638e+01   1.3206705e+01   1.7176881e+01   1.0464204e+01   1.7001298e+01   2.0063614e+01   1.9991026e+01   2.2388415e+01   8.9548443e+00   1.3409745e+01   1.5518055e+01   1.4439974e+01   1.0035365e+01   1.6656415e+01   1.0645635e+01   9.1947506e+00   7.6578431e+00   6.0442605e+00   4.3664376e+00   2.6400739e+00   8.8345221e-01  -8.8345221e-01  -2.6400739e+00  -4.3664375e+00  -6.0431808e+00  -1.5409307e+00  -9.1935982e+00  -1.0645495e+01
   2.3238007e+01   2.2916607e+01   2.2567096e+01   2.2186623e+01   2.1771563e+01   6.7022766e+00   2.0502436e+01   1.5647147e+01   1.8296020e+01   2.0140686e+01   2.2313974e+01   1.7589887e+01   1.6754790e+01   1.5847552e+01   1.1315665e+01   1.2756944e+01   1.6382932e+01   1.1416929e+01   6.8637668e+00   8.7063258e+00   7.2377346e+00   5.7036059e+00   4.1151915e+00   2.4860124e+00   8.3153075e-01  -8.3153075e-01  -2.4860124e+00  -4.1151915e+00  -5.7035871e+00  -7.2356538e+00   6.4102098e+00  -1.0100708e+01
   2.2793765e+01   2.2454265e+01   2.2086305e+01   2.1687182e+01   2.1253494e+01   7.0878087e+00   9.0319060e+00   1.6941948e+01   2.1065769e+01   2.0971726e+01   1.7743891e+01   1.6970320e+01   1.1406876e+01   1.3023928e+01   1.3267339e+01   1.3201835e+01   1.2077739e+01   1.0878567e+01   9.6064542e+00   8.2651860e+00   6.8599434e+00   5.3986092e+00   3.8910211e+00   2.3488809e+00   7.8537126e-01  -7.8537126e-01  -2.3488809e+00  -3.8910211e+00  -5.3984377e+00  -3.0701965e+00  -1.6090871e+01  -9.6068955e+00
   2.2350776e+01   2.1994699e+01   2.1610029e+01   2.1194227e+01   2.0743974e+01   5.7555977e+00   1.2538157e+01   1.7859867e+01   2.5381878e+01   2.7324452e+01   1.7159858e+01   1.5143974e+01   1.5544969e+01   2.2734070e+01   1.3680937e+01   1.2649108e+01   1.1550336e+01   1.0385030e+01   9.2196357e+00   7.8646616e+00   6.5185737e+00   5.1240473e+00   3.6898108e+00   2.2260424e+00   7.4406533e-01  -7.4406533e-01  -2.2260424e+00  -3.6898108e+00  -5.1240446e+00  -6.5184096e+00  -7.8650205e+00  -9.1551337e+00
   2.1910711e+01   2.1539587e+01   2.1139928e+01   2.0709368e+01   2.0245357e+01   1.9744156e+01   1.4779577e+01   1.9213777e+01   1.7999999e+01   1.7326734e+01   1.6527361e+01   2.6745137e+01  -2.2016147e+01   6.8060825e+00   9.8125499e+00   1.2135397e+01   1.1063128e+01   9.9305863e+00  -8.4183488e+00   7.4990326e+00   6.2087424e+00   4.8756521e+00   3.5082321e+00   2.1153792e+00   7.0688591e-01  -7.0688591e-01  -2.1153792e+00  -3.5082321e+00  -4.8756521e+00  -6.2087097e+00  -7.0716715e+00  -6.8619691e+00
   2.1475003e+01   2.1090339e+01   2.0677366e+01   2.0233894e+01   1.9757285e+01   1.0866755e+01   9.6324884e+00   1.8106799e+01   1.7474633e+01   1.6796679e+01   1.6070867e+01   1.5295566e+01   1.4465657e+01   3.1344499e+00  -1.0008883e+01   1.1656992e+01   1.0612054e+01   9.5130189e+00   8.3624866e+00   7.1660742e+00   5.9263776e+00   4.6499056e+00   3.3435654e+00   2.0151709e+00   6.7324423e-01  -6.7324423e-01  -2.0151709e+00  -3.3435654e+00  -4.6499055e+00  -5.9255442e+00   1.2901313e+01  -8.3622750e+00
   2.1044878e+01   2.0648143e+01   2.0223463e+01   1.9768830e+01   1.9282128e+01   1.8760851e+01   1.8203400e+01   1.7607642e+01   1.6970585e+01   1.6290448e+01   1.5565235e+01   1.4793155e+01   1.3972709e+01   1.3102267e+01   1.2182026e+01   1.1212909e+01   1.0193649e+01   9.1266136e+00   8.0142542e+00   6.8599566e+00   5.6680726e+00   4.4438935e+00   3.1935747e+00   1.9240100e+00   6.4265970e-01  -6.4265970e-01  -1.9240100e+00  -3.1935747e+00  -4.4438935e+00  -5.6680593e+00  -6.8591406e+00  -8.0141897e+00
