  -2.4304483e+01  -2.4808016e+01  -2.5298210e+01  -2.5770014e+01  -2.6218054e+01  -2.7438985e+01  -2.6723585e+01  -2.7872551e+01  -2.7646106e+01  -2.2283652e+01  -2.7719819e+01  -2.8282563e+01  -2.8193548e+01  -2.8276245e+01  -2.8212376e+01   0.0000000e+00   0.0000000e+00   0.0000000e+00   0.0000000e+00   0.0000000e+00   0.0000000e+00   0.0000000e+00  -2.8242467e+01  -2.8075664e+01  -2.6831168e+01  -2.4304541e+01  -2.4176607e+01  -2.3275040e+01  -2.2756738e+01  -2.3552919e+01  -2.4232609e+01  -2.5480627e+01
  -2.3985039e+01  -2.4519813e+01  -2.5042834e+01  -2.5548546e+01  -2.6030849e+01  -2.5588541e+01  -2.5493866e+01  -2.7272019e+01  -2.7384747e+01  -2.8182186e+01  -2.8270628e+01  -2.7968077e+01  -2.7736187e+01  -2.3993768e+01  -2.7081882e+01   0.0000000e+00   0.0000000e+00   0.0000000e+00   0.0000000e+00   0.0000000e+00   0.0000000e+00   0.0000000e+00  -2.5548781e+01  -2.6155254e+01  -2.4519940e+01  -2.2729573e+01  -2.3443341e+01  -2.2899064e+01  -2.0002807e+01  -2.0971468e+01  -2.0414273e+01  -1.6872193e+01
  -2.3629189e+01  -2.4197196e+01  -2.4755569e+01  -2.5298221e+01  -2.5818398e+01  -2.6308604e+01  -2.3538669e+01  -2.7944511e+01  -2.7523054e+01  -2.7371714e+01  -2.6639115e+01  -2.8270494e+01  -2.8039740e+01  -2.8101606e+01  -2.8256418e+01  -2.7373157e+01  -2.7816345e+01  -2.7522863e+01  -2.7168855e+01  -2.6761552e+01  -2.6308754e+01  -2.5818392e+01  -2.5394351e+01  -2.7014140e+01  -2.4197269e+01  -2.3629109e+01  -2.3056823e+01  -2.0483976e+01  -2.0483073e+01  -1.9771184e+01  -1.6594073e+01  -2.2041961e+01
  -2.3231879e+01  -2.3835050e+01  -2.4431357e+01  -2.5014178e+01  -2.5576014e+01  -2.6108621e+01  -2.7655378e+01  -2.6981755e+01  -2.8133674e+01  -2.7735036e+01  -2.5976229e+01  -2.7886936e+01  -2.8220823e+01  -2.8180542e+01  -2.8271259e+01  -2.8278796e+01  -2.7764558e+01  -2.7439774e+01  -2.7049707e+01  -2.6602882e+01  -2.6108556e+01  -2.5575858e+01  -2.4445109e+01  -2.6521249e+01  -2.2276072e+01  -2.3231900e+01  -2.5106843e+01  -1.9045317e+01  -1.9409180e+01  -1.7244179e+01  -1.9684056e+01  -2.0886544e+01
  -2.2787281e+01  -2.3427393e+01  -2.4064201e+01  -2.4690570e+01  -2.5298221e+01  -2.5877679e+01  -2.3826690e+01  -2.6723533e+01  -2.8133652e+01  -2.8267283e+01  -2.7983314e+01  -2.8015252e+01  -2.8243372e+01  -2.8272880e+01  -2.8255127e+01  -2.7983513e+01  -2.7703234e+01  -2.7342553e+01  -2.6910915e+01  -2.6418974e+01  -2.5877548e+01  -2.1205279e+01  -2.6893058e+01  -2.5963249e+01  -2.3427116e+01  -2.2787115e+01  -1.9441846e+01  -2.0622995e+01  -1.8901194e+01  -2.0219327e+01  -1.8922445e+01  -2.3385001e+01
  -2.2288726e+01  -2.2967263e+01  -2.3647006e+01  -2.4320365e+01  -2.4978285e+01  -2.5610244e+01  -2.6204334e+01  -2.6722903e+01  -2.7516453e+01  -2.7021124e+01  -2.8224157e+01  -2.7723290e+01  -2.8228320e+01  -2.8273721e+01  -2.8150650e+01  -2.8267753e+01  -2.7630938e+01  -2.7227880e+01  -2.6748053e+01  -2.6204090e+01  -2.2522956e+01  -2.5297825e+01  -2.4604407e+01  -2.4606562e+01  -1.3369034e+01  -2.1672449e+01  -1.9114894e+01  -2.1481823e+01  -1.7578981e+01  -2.0662488e+01  -2.2172920e+01  -1.8502612e+01
  -2.1728611e+01  -2.2446578e+01  -2.3171378e+01  -2.3895092e+01  -2.4607943e+01  -2.5298221e+01  -2.5952508e+01  -2.8077835e+01  -2.6303872e+01  -2.8039748e+01  -2.7899432e+01  -2.7317690e+01  -2.7984273e+01  -2.8225536e+01  -2.7829610e+01  -2.7340328e+01  -2.7544361e+01  -2.7091368e+01  -2.6555213e+01  -1.6848527e+01  -2.3535935e+01  -2.8017412e+01  -2.7654113e+01  -1.8020539e+01  -1.9532416e+01  -2.0375741e+01  -1.7326087e+01  -2.1183790e+01  -1.8712566e+01  -2.0457985e+01  -1.8407384e+01  -1.7813518e+01
  -2.1098337e+01  -2.1855999e+01  -2.2627417e+01  -2.3404549e+01  -2.4177042e+01  -2.4932019e+01  -2.5654089e+01  -2.6323794e+01  -2.7573199e+01  -2.6957967e+01  -2.6748325e+01  -2.8254959e+01  -2.8280109e+01  -2.8181317e+01  -2.8248532e+01  -2.7843859e+01  -2.7439730e+01  -2.5485988e+01  -2.6325428e+01  -2.3675294e+01  -2.4903455e+01  -2.6527269e+01  -2.4698711e+01  -2.0000333e+01  -1.9659462e+01  -1.9766301e+01  -2.1138903e+01  -2.1820000e+01  -2.1340937e+01  -1.8299471e+01  -1.7669045e+01  -1.7067963e+01
  -2.0388273e+01  -2.1184822e+01  -2.2003499e+01  -2.2836469e+01  -2.3673076e+01  -2.4499428e+01  -2.5298221e+01  -2.6048888e+01  -2.6739164e+01  -2.6931190e+01  -2.7589534e+01  -2.7674710e+01  -2.8264705e+01  -2.8000806e+01  -2.8165771e+01  -2.8217925e+01  -2.7311707e+01  -2.3538334e+01  -2.4334797e+01  -2.5298016e+01  -2.4177414e+01  -2.5107802e+01  -1.6922765e+01  -2.2820032e+01  -1.8241893e+01  -2.0960903e+01  -1.8925418e+01  -1.8976263e+01  -1.8175943e+01  -1.7504352e+01  -1.6866590e+01  -1.6261942e+01
  -1.9587795e+01  -2.0420910e+01  -2.1286083e+01  -2.2176165e+01  -2.3080658e+01  -2.3985014e+01  -2.4870132e+01  -2.5712204e+01  -2.5851686e+01  -2.6895813e+01  -2.5812381e+01  -2.7704497e+01  -2.8140711e+01  -2.8269602e+01  -2.8179129e+01  -2.7335719e+01  -2.7439447e+01  -2.6483292e+01  -2.5712166e+01  -2.4089271e+01  -2.2244530e+01  -2.0610126e+01  -1.9518716e+01  -2.0114804e+01  -1.9450310e+01  -2.2100546e+01  -2.1283465e+01  -1.8033265e+01  -1.7314873e+01  -1.6636008e+01  -1.5995557e+01  -1.5392075e+01
  -1.8685416e+01  -1.9550729e+01  -2.0459584e+01  -2.1406187e+01  -2.2380920e+01  -2.3369238e+01  -2.4350679e+01  -2.5298221e+01  -2.6178361e+01  -2.5783190e+01  -2.6261254e+01  -2.6843600e+01  -2.8117424e+01  -2.8283459e+01  -2.8283808e+01  -2.7580954e+01  -2.6952826e+01  -2.6178468e+01  -2.6082632e+01  -2.0776608e+01  -1.9304683e+01  -2.4648511e+01  -2.2231285e+01  -2.0872046e+01  -1.7760452e+01  -1.7433367e+01  -1.7866478e+01  -1.7094633e+01  -1.6369437e+01  -1.5689291e+01  -1.5052084e+01  -1.4455421e+01
  -1.7669083e+01  -1.8559537e+01  -1.9506394e+01  -2.0506081e+01  -2.1550898e+01  -2.2627417e+01  -2.3714767e+01  -2.4783158e+01  -2.6325088e+01  -2.7438962e+01  -2.4870464e+01  -2.8172753e+01  -2.8255153e+01  -2.8256951e+01  -2.8271314e+01  -2.7586955e+01  -2.6696215e+01  -2.6134766e+01  -2.4115264e+01  -2.2324179e+01  -2.1287350e+01  -2.3085233e+01  -2.0614070e+01  -1.9506558e+01  -2.0510739e+01  -1.7669083e+01  -1.6835577e+01  -1.6057913e+01  -1.5333663e+01  -1.4659786e+01  -1.4032928e+01  -1.3449678e+01
  -1.6526672e+01  -1.7431830e+01  -1.8407160e+01  -1.9452356e+01  -2.0563037e+01  -2.1728579e+01  -2.2929471e+01  -2.4134455e+01  -2.5298279e+01  -2.6845376e+01  -2.7116219e+01  -2.6677620e+01  -2.8199275e+01  -2.8269195e+01  -2.8213954e+01  -2.7218458e+01  -2.0908574e+01  -2.6055978e+01  -1.9156677e+01  -2.3829793e+01  -1.7550859e+01  -1.9786004e+01  -1.9452402e+01  -1.9485567e+01  -2.2081709e+01  -1.6526873e+01  -1.5689291e+01  -1.4916074e+01  -1.4202537e+01  -1.3543984e+01  -1.2935755e+01  -1.2373423e+01
  -1.5246729e+01  -1.6152142e+01  -1.7141491e+01  -1.8218910e+01  -1.9385041e+01  -2.0634428e+01  -2.1951819e+01  -2.3307425e+01  -2.4651920e+01  -2.6594520e+01  -2.6660417e+01  -2.7367162e+01  -2.8164876e+01  -2.8197830e+01  -2.7775642e+01  -2.7925770e+01  -2.1251157e+01  -2.1894086e+01  -2.2265870e+01  -2.0477681e+01  -2.2582465e+01  -1.9385116e+01  -1.8809635e+01  -2.1229187e+01  -1.6152590e+01  -1.5246745e+01  -1.4419389e+01  -1.3663491e+01  -1.2972381e+01  -1.2339678e+01  -1.1759462e+01  -1.1226366e+01
  -1.2650468e+01  -1.4706269e+01  -1.5689289e+01  -1.6778100e+01  -1.7980515e+01  -1.9298874e+01  -2.0726530e+01  -2.2240441e+01  -2.3792126e+01  -2.5298682e+01  -2.8216619e+01  -2.6308181e+01  -2.8032641e+01  -2.8272739e+01  -2.8152231e+01  -2.6409915e+01  -2.5125646e+01  -2.2691860e+01  -2.1330573e+01  -2.0453718e+01  -2.1573523e+01  -1.7734261e+01  -1.6778224e+01  -1.5689500e+01  -1.4706324e+01  -1.3819790e+01  -1.3019736e+01  -1.2296561e+01  -1.1641431e+01  -1.1046418e+01  -1.0504515e+01  -1.0009601e+01
  -1.2239464e+01  -1.3083342e+01  -1.4032817e+01  -1.2652029e+01  -1.6310798e+01  -1.7668960e+01  -1.9184657e+01  -2.0849868e+01  -2.2627783e+01  -2.8267435e+01  -2.6325656e+01  -2.5716110e+01  -2.7975224e+01  -2.8224547e+01  -2.8076678e+01  -2.3627280e+01  -2.2945603e+01  -2.2759709e+01  -2.1174894e+01  -1.8989857e+01  -1.7669492e+01  -1.8973356e+01  -1.5103733e+01  -1.4032928e+01  -1.3083342e+01  -1.2239483e+01  -1.1487331e+01  -1.0814542e+01  -1.0210455e+01  -9.6659535e+00  -9.1732772e+00  -8.7258497e+00
  -1.0504546e+01  -1.1277678e+01  -1.2160356e+01  -1.3173009e+01  -1.0389676e+01  -1.3705944e+01  -1.7245054e+01  -1.9026059e+01  -2.1025262e+01  -2.7970659e+01  -2.5299291e+01  -2.7750854e+01  -2.8055107e+01  -2.8248902e+01  -2.6784637e+01  -2.6702013e+01  -2.3848498e+01  -2.1811231e+01  -1.9951579e+01  -1.7245675e+01  -2.0476739e+01  -1.4341068e+01  -1.3173301e+01  -1.2160358e+01  -1.1277678e+01  -1.0504515e+01  -9.8235925e+00  -9.2204098e+00  -8.6833499e+00  -8.2026478e+00  -7.7702869e+00  -7.3796382e+00
  -8.6203867e+00  -9.2919665e+00  -1.0069068e+01  -1.0975907e+01  -1.2043220e+01  -1.4133437e+01  -1.2665066e+01  -1.6636607e+01  -1.8791206e+01  -2.1287926e+01  -2.7666755e+01  -2.8262459e+01  -2.7957293e+01  -2.8267965e+01  -2.7366148e+01  -2.4310550e+01  -2.2210915e+01  -1.7659741e+01  -1.7574998e+01  -1.9021607e+01  -1.3310554e+01  -1.2043358e+01  -1.0975739e+01  -1.0068895e+01  -9.2919258e+00  -8.6181838e+00  -9.3547764e+00  -7.5206022e+00  -7.0676004e+00  -6.6637750e+00  -6.3024371e+00  -5.9774078e+00
  -6.6008057e+00  -7.1395695e+00  -7.7702870e+00  -8.5172814e+00  -9.4138765e+00  -1.7037803e+01  -1.1853833e+01  -2.7141628e+01  -1.7686588e+01  -1.5276836e+01  -2.1729089e+01  -2.7078226e+01  -2.8115337e+01  -2.8257828e+01  -2.6800841e+01  -2.4564509e+01  -1.8630914e+01  -2.0230164e+01  -1.1997472e+01  -1.1852122e+01  -7.0082945e+00  -9.4129652e+00  -4.5673955e+00  -3.7734982e+00  -7.1371396e+00  -9.4628638e-01  -6.1327438e+00   2.2839338e+01  -5.3731021e+00  -5.0589415e+00  -4.7790072e+00  -4.5275067e+00
  -4.4686614e+00  -4.8462603e+00  -5.2923297e+00  -5.8268564e+00  -6.4782156e+00  -7.2884244e+00  -1.5238645e+01   5.7266270e+00  -1.1486233e+01  -8.7750766e+00  -2.1204271e+01  -2.6424494e+01  -2.7536409e+01  -2.8084737e+01  -2.5697399e+01  -2.1826698e+01  -1.5001952e+01  -6.7776280e+00  -9.8222297e+00  -5.7308501e-01  -1.8531591e-01  -6.8903597e-02   2.6883941e+00   1.1450794e+00   3.5747229e+00   1.0250217e+00   2.4667951e+00   4.8894044e+00   4.7736872e+00   1.3044269e+01  -3.2102659e+00  -3.0400436e+00
  -2.2555433e+00  -2.4502556e+00  -2.6816061e+00  -2.9609329e+00  -3.3047696e+00  -3.7378077e+00   3.3920579e+00   2.6354813e-01  -2.1294542e+00  -6.3386571e+00  -1.0843609e+01  -2.0960226e+01  -2.4753260e+01  -2.8257196e+01  -2.6606269e+01  -1.7568455e+01  -5.1904187e+00  -7.9826029e+00  -3.0591308e+00   6.3271231e-01   3.1564574e+00   3.5352019e-01   9.1559149e-01   4.4113121e+00  -1.1031570e+00   3.9107353e+00   3.4741972e+00   2.5198390e+00   7.3199380e+00   2.5393989e+01   1.1594676e+01  -1.5260505e+00
  -7.5117837e-13  -9.3523076e-13  -7.0779807e-13   3.2840541e-09   1.2216880e-05   1.5453321e-03   1.7015906e+01   8.4212108e+00   7.2243703e-05  -4.5607466e+00  -1.3251825e+01  -1.0343038e+01  -2.3242174e+01  -2.8282682e+01  -2.5897310e+01  -4.6420635e+00  -6.8458470e+00   2.8405144e-04   1.0521599e-04   3.0029371e-04   3.2030319e-04   1.7745438e-04   4.3858403e-04   5.5504962e+00   3.0545396e-04   7.2048316e-05   1.6727412e+00   7.3870086e+00   4.9405986e+00   1.2502069e+01   1.8228587e+01   1.7809407e-03
   2.2555433e+00   2.4502556e+00   2.6816061e+00   2.9609329e+00   3.3055720e+00   2.0681926e+01   2.1572687e+01   5.0608492e+00   6.1346380e+00   7.7700737e+00   1.0362274e+01   1.5688989e+01   6.7319292e+00  -2.7993466e+01  -2.8003252e+01   1.0503071e+01   7.7707368e+00   2.0915951e+01   5.0603631e+00   4.3008271e+00   3.7381547e+00   3.3047697e+00   2.9609369e+00   2.6818579e+00   2.4502525e+00   2.2551286e+00   2.0894818e+00   1.9463558e+00   1.8216611e+00   1.0851807e+01   2.1435691e+01   2.2861563e+01
   4.4685621e+00   4.8461520e+00   5.2922125e+00   5.8267290e+00   6.4780844e+00   7.2884756e+00   8.3186798e+00   9.6657806e+00   1.1487128e+01   1.4032715e+01   1.7668836e+01   2.2627264e+01   2.7439896e+01   2.7439773e+01   2.2627142e+01   1.7668831e+01   1.4032726e+01   1.1487832e+01   9.6657789e+00   8.3178352e+00   7.2876473e+00   6.4780714e+00   5.8267290e+00   5.2922125e+00   4.8461520e+00   4.4685456e+00   4.1449283e+00   3.8646014e+00   3.6195001e+00   3.4038400e+00   3.2124593e+00   3.0410067e+00
