   2.7508569e+01   2.7952106e+01   1.8609617e+01   2.4134430e+01   2.8278610e+01   2.5583846e+01   2.7767926e+01   2.8272213e+01   2.5934822e+01   1.7078007e+01   1.1911610e+01   1.9643204e+01   1.4519241e+01   1.4728967e+01   1.4879312e+01   0.0000000e+00   0.0000000e+00   0.0000000e+00   0.0000000e+00   0.0000000e+00   0.0000000e+00   0.0000000e+00  -1.6156106e+00  -2.7681195e+01  -2.4066002e+01   4.1444200e+00  -4.3307850e+00  -8.6414409e+00   3.8666095e+00  -7.9298933e+00  -2.3876265e+01  -8.9372654e+00
   2.8165478e+01   5.1459321e-03   2.8284011e+01   2.7226458e+01   2.7282217e+01   2.8254786e+01   2.7383416e+01   2.8282587e+01   2.7087678e+01   1.7151207e+01   1.8754235e+01   2.0083122e+01   1.8161196e+01   1.6463736e+01   1.8149825e+01   0.0000000e+00   0.0000000e+00   0.0000000e+00   0.0000000e+00   0.0000000e+00   0.0000000e+00   0.0000000e+00  -1.7691842e+01  -2.0952542e+01  -1.0479460e+01  -1.5012400e+01  -5.5284966e+00  -1.1079626e+01  -7.3479160e+00  -1.3364159e+01  -8.4027199e+00  -8.2233645e+00
   2.8225819e+01   2.7853853e+01   2.7336488e+01   2.7910184e+01   2.8259375e+01   2.7976296e+01   2.8280758e+01   2.8237208e+01   2.2145405e+01   2.2536511e+01   1.4747744e+01   1.9206165e+01   2.4108976e+01   1.7389630e+01   1.9663194e+01   1.8022863e+01   1.2215996e+01   5.4159688e+00   6.9169440e-01   1.3664707e-01   1.5143799e-01  -3.4465825e+00  -6.0823972e+00  -4.0228489e+00  -5.4567626e+00  -4.5284591e+00  -6.3488943e+00  -1.4354494e+00  -7.0266591e+00  -1.2739820e+01  -6.6332730e+00  -5.3324089e+00
   2.8214313e+01   2.8150687e+01   2.7797993e+01   2.7148816e+01   2.8002428e+01   2.8274820e+01   2.8228173e+01   2.8283238e+01   2.7968879e+01   2.1720714e+01   1.8318409e+01   2.4929781e+01   1.9487454e+01   1.9032477e+01   1.9612246e+01   1.5928154e+01   1.2518131e+01   7.3774902e+00   5.6377616e+00   3.3149921e+00   1.2958005e+00  -1.6536160e+00   6.0278940e-01  -6.2813634e+00  -3.7041829e+00  -5.6900121e+00  -6.7955529e+00  -6.7589851e+00  -1.0501936e+01  -5.7519987e+00   1.9042249e+00  -1.8613672e+01
   1.5692952e+01   2.8193707e+01   2.7486313e+01   2.8163808e+01   2.8273732e+01   2.8114621e+01   2.8275974e+01   2.8230586e+01   2.8208467e+01   2.7641002e+01   2.2481345e+01   2.1418219e+01   2.2232451e+01   2.0373993e+01   1.7743798e+01   1.9628375e+01   1.7356372e+01   1.3098888e+01   1.2084977e+01   4.5357139e+00   4.5789682e+00   5.9541935e+00  -4.2513869e+00   3.0500054e+00  -2.7369640e+00   3.3771407e+00   9.4522392e-01   2.4152425e+01  -2.1899535e+00   3.4356287e+00  -1.0759601e+01   3.1802039e+00
   2.8283937e+01   2.8279403e+01   2.7729000e+01   2.8019111e+01   2.8264451e+01   2.8273571e+01   2.8267285e+01   2.8280577e+01   2.8020193e+01   1.8793125e+01   2.6991334e+01   2.5653248e+01   2.0191562e+01   2.1914182e+01   2.0314122e+01   2.0401750e+01   1.8300552e+01   2.0188777e+01   1.1072171e+01   7.1877659e+00   5.5511442e+00   4.0586268e+00  -4.5801979e-01   1.7530076e+01   1.5283807e+00   9.0505164e-01  -3.5062737e+00  -7.8716910e-01   4.7440937e+00  -1.5051805e+01   4.3819773e+00   4.2215053e+00
   2.7595025e+01   1.5082879e+01   2.8056482e+01   2.7512215e+01   2.7667616e+01   2.8282027e+01   2.7836257e+01   2.8149030e+01   2.8225653e+01   2.3433989e+01   2.0614540e+01   2.7540002e+01   2.3812613e+01   2.1884717e+01   1.9756667e+01   2.0172979e+01   2.0517085e+01   2.0284888e+01   2.0860877e+01   1.7348968e+01   1.7606662e+01   1.1723201e+00   7.7687952e+00   5.0220779e+00   7.5200569e+00  -6.6480798e+00  -3.8540943e+00   6.1342558e+00  -9.4423137e+00   7.0646794e+00   1.1135443e+01   5.2446864e+00
   2.8280936e+01   2.7502150e+01   2.8233267e+01   2.6715766e+01   2.8198346e+01   2.8260579e+01   2.8189805e+01   2.8246104e+01   2.8235993e+01   2.5807320e+01   2.3279026e+01   2.1342259e+01   2.6188122e+01   2.0717055e+01   1.9986966e+01   1.9841953e+01   1.9998944e+01   1.9128419e+01   1.6905000e+01   1.7046103e+01   1.7701084e+01   1.7500102e+01  -3.3890277e+00   9.5086275e-01   8.3176737e+00   7.9443890e+00   6.2098004e+00   4.8085150e+00   6.9961623e+00   3.6004693e+00   6.4786253e+00   1.3058932e+01
   2.8283113e+01   2.8275947e+01   2.8236110e+01   2.8019899e+01   2.8284268e+01   2.8256101e+01   2.8214017e+01   2.8274816e+01   2.7724801e+01   2.7435281e+01   2.2240850e+01   2.1791219e+01   1.8488912e+01   1.7980940e+01   1.8974603e+01   2.1921308e+01   1.9471727e+01   1.9366774e+01   1.8682068e+01   2.2782197e+01   1.9127807e+01   1.7263702e+01   1.7029645e+01   1.0009914e+01   9.5562587e+00   9.1398874e+00   8.7563521e+00   8.4022003e+00   8.0744932e+00   7.7701487e+00   7.4873294e+00   7.2238566e+00
   2.7695958e+01   2.7070996e+01   2.8039900e+01   2.8141988e+01   2.8282160e+01   2.8227481e+01   2.8284060e+01   2.8109935e+01   2.6654015e+01   2.6916635e+01   2.3307679e+01   2.1952375e+01   2.5118545e+01   2.2082555e+01   2.3226782e+01   1.7142220e+01   1.8476125e+01   2.1030432e+01   1.7874190e+01   1.8799176e+01   1.8899864e+01   1.8882558e+01   1.8739774e+01   1.8487078e+01   1.0736098e+01   1.0282539e+01   9.8636789e+00   9.4755043e+00   9.1149967e+00   8.7794882e+00   8.4666159e+00   8.1742971e+00
   2.6360941e+01   2.7757186e+01   2.7252582e+01   2.7690690e+01   2.8280532e+01   2.8134862e+01   2.8283441e+01   2.8199197e+01   2.7250887e+01   2.7629306e+01   2.5950933e+01   2.7339586e+01   2.1729194e+01   2.2725787e+01   1.8552125e+01   1.9528222e+01   1.8669648e+01   1.7431280e+01   2.0706545e+01   2.0569129e+01   1.9097988e+01   1.8416685e+01   1.8698798e+01   1.9030924e+01   1.7413616e+01   1.1370723e+01   1.0921391e+01   1.0504511e+01   1.0115792e+01   9.7529106e+00   9.4135745e+00   9.0957385e+00
   2.7609479e+01   2.8169234e+01   2.5812591e+01   2.8255297e+01   2.8277365e+01   2.8187704e+01   2.8269685e+01   2.8274118e+01   2.8143224e+01   2.5947915e+01   2.7087759e+01   2.3715169e+01   2.2627654e+01   2.1551006e+01   2.0506256e+01   1.6442667e+01   1.8559379e+01   1.5782881e+01   1.8220996e+01   2.0705559e+01   1.9874121e+01   1.9502382e+01   1.9755446e+01   2.0435025e+01   1.9701695e+01   2.1503021e+01   6.2433346e+00   1.1487090e+01   1.1074852e+01   1.0688541e+01   1.0326235e+01   9.9859821e+00
   2.3900900e+01   2.8241280e+01   2.6587216e+01   2.7751233e+01   2.8202029e+01   2.8269795e+01   2.8192822e+01   2.8261398e+01   2.8269906e+01   2.6803455e+01   2.2180530e+01   2.4401003e+01   2.7088678e+01   2.2381459e+01   2.6828859e+01   2.0459735e+01   1.9550787e+01   2.0081318e+01   1.4548626e+01   1.9182465e+01   1.9358660e+01   1.9231743e+01   2.1269596e+01   2.0039240e+01   1.9136101e+01   1.7063672e+01   2.2146515e+01   1.2423649e+01   1.1990844e+01   1.1584966e+01   1.1203148e+01   1.0843574e+01
   2.6483527e+01   2.8067364e+01   2.7690085e+01   2.7995644e+01   2.8283199e+01   2.8271647e+01   2.8171126e+01   2.8250274e+01   2.7560335e+01   2.6918120e+01   2.5484801e+01   2.7905580e+01   2.7326976e+01   2.3080881e+01   2.2176417e+01   2.0001547e+01   2.0420714e+01   1.9587794e+01   1.8270400e+01   1.6167996e+01   1.9147864e+01   1.1761073e+01   1.8158882e+01   1.8040735e+01   1.9811502e+01   2.0205343e+01   2.0085596e+01   2.1791862e+01   1.2864016e+01   1.2441339e+01   1.2043359e+01   1.1667492e+01
   2.6728404e+01   2.8237327e+01   2.8065712e+01   2.6743377e+01   2.8092881e+01   2.8256819e+01   2.8281277e+01   2.8275549e+01   2.7312052e+01   2.6728258e+01   2.5846826e+01   2.7334046e+01   2.4499912e+01   2.3673082e+01   2.2836469e+01   2.2003321e+01   1.8017657e+01   2.0387860e+01   1.9619115e+01   1.8880455e+01   1.6971903e+01   1.3730917e+01   1.6584030e+01   1.7739401e+01   1.8615760e+01   1.8343242e+01   2.2114892e+01   1.9504212e+01   2.3807900e+01   1.3258100e+01   1.2846365e+01   1.2457117e+01
   2.6927462e+01   2.7439872e+01   2.7843955e+01   2.5142115e+01   2.8269231e+01   2.8279915e+01   2.8197482e+01   2.7924152e+01   2.8109183e+01   2.6927478e+01   2.6141394e+01   2.8050536e+01   2.7492788e+01   2.4177419e+01   2.3404553e+01   2.2627415e+01   2.1855657e+01   1.5302313e+01   2.0359628e+01   8.1418448e+00   1.8958017e+01   1.8299372e+01   2.2857988e+01   1.6902550e+01   1.8053493e+01   1.8983207e+01   2.0445618e+01   2.1769463e+01   2.1873246e+01   1.9540947e+01   1.3612978e+01   1.3212206e+01
   2.7091441e+01   2.7544389e+01   2.7899435e+01   2.8144002e+01   2.7675020e+01   2.8280769e+01   2.8274156e+01   2.8225229e+01   2.7611451e+01   2.7091422e+01   2.6555482e+01   2.7119036e+01   2.5298623e+01   2.7766938e+01   2.3895309e+01   2.3171378e+01   2.2446574e+01   2.1728361e+01   2.1023523e+01   2.0335612e+01   1.8626551e+01   1.9025776e+01   1.8407310e+01   1.5692079e+01   1.7496985e+01   1.8675943e+01   1.9238323e+01   2.0441961e+01   2.2932075e+01   2.4151455e+01   2.5795554e+01   1.3933442e+01
   2.7227901e+01   2.7630905e+01   2.7945200e+01   2.8160790e+01   2.8278996e+01   2.8123617e+01   2.8194268e+01   2.8175429e+01   2.7541322e+01   2.7227873e+01   2.6747913e+01   2.8014185e+01   2.5610387e+01   2.4978659e+01   2.4320371e+01   2.3647006e+01   2.2967263e+01   2.2288695e+01   2.1617428e+01   2.0958275e+01   2.0314633e+01   1.3951690e+01   1.9085327e+01   2.2832001e+01   1.7941332e+01   1.6350246e+01   1.9231149e+01   2.1076997e+01   2.1624188e+01   2.5728077e+01   1.5034443e+01   1.4619301e+01
   2.7342571e+01   2.7703229e+01   2.7983302e+01   2.8174807e+01   2.8272050e+01   2.8002210e+01   2.8189172e+01   2.8161403e+01   2.8222148e+01   2.7342752e+01   1.6542568e+01   2.8274692e+01   2.5878087e+01   2.7943713e+01   2.4690761e+01   2.4064201e+01   2.3427393e+01   2.2787252e+01   2.2149720e+01   2.1519634e+01   2.0900824e+01   2.0296023e+01   1.9708016e+01   1.7773866e+01   1.7772718e+01   1.8054279e+01   1.2961192e+01   1.6240419e+01   2.1222722e+01   2.3213653e+01   2.2985934e+01   1.5273337e+01
   2.7439790e+01   2.7764276e+01   2.8015352e+01   2.8186571e+01   2.8273367e+01   2.8237934e+01   2.8262729e+01   2.8128489e+01   2.7546606e+01   1.6839697e+01   2.7049689e+01   2.1413884e+01   2.6079842e+01   2.7898025e+01   2.5014343e+01   2.4431357e+01   2.3835050e+01   2.3231851e+01   2.2627417e+01   2.2026487e+01   2.1432938e+01   2.0849868e+01   2.0279678e+01   1.9723905e+01   1.3826050e+01   1.0824047e+01   1.8156208e+01   1.7668962e+01   2.1250712e+01   2.2596615e+01   2.3944006e+01   2.7381909e+01
   2.7522882e+01   2.7816257e+01   2.8042562e+01   2.8196538e+01   2.8274478e+01   2.8193112e+01   2.8222021e+01   2.8042934e+01   8.9496496e+00   2.7523424e+01   2.7168800e+01   2.4680884e+01   2.6832058e+01   2.5818552e+01   2.5298383e+01   2.4755572e+01   2.4197196e+01   2.3629163e+01   2.3056784e+01   2.2484617e+01   2.1916492e+01   2.1355562e+01   2.0804357e+01   2.0264862e+01   1.9738377e+01   1.9226343e+01   1.8729552e+01   1.2655718e+01   1.1215211e+01   2.3751192e+01   2.4718673e+01   1.6482569e+01
   2.7594425e+01   2.7860869e+01   2.8065857e+01   2.8205056e+01   2.8275436e+01   2.8282907e+01   2.7170885e+01   1.9063032e+01   2.7861259e+01   2.7594415e+01   2.7271846e+01   2.6899116e+01   2.2280095e+01   2.5622970e+01   2.7921896e+01   2.5042999e+01   2.4519813e+01   2.3985014e+01   2.3443381e+01   2.2899241e+01   2.2356314e+01   2.1817731e+01   2.1286083e+01   2.0763468e+01   2.0251542e+01   1.9751581e+01   1.9264525e+01   1.8790818e+01   1.8331432e+01   2.0361977e+01   2.3512274e+01   2.6380978e+01
   2.7656441e+01   2.7899433e+01   2.8085950e+01   2.8212392e+01   2.8276253e+01   2.8083876e+01   2.8284271e+01   2.8086082e+01   2.7899436e+01   2.7656429e+01   2.7361418e+01   2.7019563e+01   2.6636393e+01   2.7083651e+01   2.3676077e+01   2.5298136e+01   2.4808029e+01   2.4304473e+01   2.3792120e+01   2.3275039e+01   2.2756792e+01   2.2240441e+01   2.1728579e+01   2.1223357e+01   2.0726530e+01   2.0239495e+01   1.9763338e+01   1.9298874e+01   1.8846688e+01   1.8407952e+01   2.8105787e+01   2.4860757e+01
   2.7710532e+01   2.7932988e+01   2.8103400e+01   2.8218756e+01   2.8276969e+01   2.8276974e+01   2.8218763e+01   2.8103400e+01   2.7932988e+01   2.7710521e+01   2.7439770e+01   2.7125113e+01   2.6771346e+01   2.6383548e+01   2.5966639e+01   2.5526007e+01   2.5066230e+01   2.4591933e+01   2.4107314e+01   2.3616170e+01   2.3121879e+01   2.2627400e+01   2.2135283e+01   2.1647690e+01   2.1166428e+01   2.0692978e+01   2.0228528e+01   1.9774012e+01   1.9330136e+01   1.8897428e+01   1.8476881e+01   1.8067118e+01
