   2.3417082e+01   2.3171395e+01   2.2908640e+01   2.2627435e+01   2.2326271e+01   2.2003446e+01   2.0039949e+01   2.0721839e+01   2.1066768e+01   2.1394646e+01   2.1622907e+01   2.2792425e+01   1.7548340e+01   1.8463220e+01  -1.1618617e+01   0.0000000e+00   0.0000000e+00   0.0000000e+00   0.0000000e+00   0.0000000e+00   0.0000000e+00   0.0000000e+00   1.1141925e+01   1.5065011e+01   8.9450784e+00   1.5239013e+01   6.5515839e+00   5.2923425e+00   4.0001301e+00   2.6813312e+00  -4.9652916e+00  -1.3269911e+00
   2.3767168e+01   2.3533936e+01   2.3283974e+01   2.3015858e+01   2.2728030e+01   2.2418511e+01   1.4261616e+01   1.9619806e+01   1.8879621e+01   1.8386285e+01   2.2040084e+01   7.6733905e+00   1.7899370e+01   1.6605201e+01   1.1005803e+01   0.0000000e+00   0.0000000e+00   0.0000000e+00   0.0000000e+00   0.0000000e+00   0.0000000e+00   0.0000000e+00   1.1606821e+01   1.0504948e+01   1.3658573e+01   4.6547391e+00   6.8597951e+00   5.5471228e+00   6.8568876e+00   2.8144848e+00   9.0784171e-01  -2.1673032e+00
   2.4115195e+01   2.3895092e+01   2.3658693e+01   2.3404549e+01   2.3131059e+01   2.2836465e+01   2.2518588e+01   2.2175858e+01   1.6166582e+01   2.1961865e+01   1.8565386e+01   2.0216494e+01   1.5329446e+01   2.1463643e+01   1.7096486e+01   2.0101060e+01   2.2491222e+01   1.6778416e+01   1.5971700e+01   1.5103628e+01   1.4171471e+01   1.3173322e+01   1.2108110e+01   1.0975913e+01   9.7784122e+00   1.2644352e+01   7.1978655e+00   5.8268485e+00   4.4112875e+00   2.9609181e+00   1.0952329e+00  -8.4622853e+00
   2.4459916e+01   2.4253563e+01   2.4031453e+01   2.3792120e+01   2.3533936e+01   2.3255107e+01   2.2953657e+01   2.2627321e+01   2.0000195e+01   2.0927087e+01   2.0166368e+01   1.0018580e+01   1.9297511e+01   1.2153555e+01   1.5881367e+01   1.7732464e+01   1.9651676e+01   1.8945981e+01   1.6560498e+01   1.5689303e+01   1.4749329e+01   1.3736064e+01   1.2649111e+01   1.1487331e+01   1.0251528e+01   8.9437512e+00  -3.6069185e+00   6.1351127e+00   1.9494114e+00   3.1235566e+00   6.1969739e+00  -1.9663857e+00
   2.4799992e+01   2.4607943e+01   2.4400783e+01   2.4177042e+01   2.3935079e+01   2.3673076e+01   2.3389013e+01   2.3080656e+01   2.2745385e+01   2.0937759e+01   2.3172392e+01   1.8768293e+01   2.5992708e+01   1.9910900e+01   1.7259370e+01   1.7847189e+01   2.0458398e+01   1.9366865e+01   2.2133160e+01   1.6311983e+01   2.4491953e+01   1.4341654e+01   1.3233871e+01   1.2043359e+01   1.0768999e+01   3.5634299e+00   7.9802064e+00   6.4784464e+00   1.0245451e+01   3.3048146e+00  -2.7870278e+00  -2.9786592e+00
   2.5133980e+01   2.4956710e+01   2.4765077e+01   2.4557625e+01   2.4332719e+01   2.4088535e+01   2.3823033e+01   2.3533936e+01   2.3218704e+01   2.2874407e+01   2.1375719e+01   1.8869472e+01   2.1839282e+01   1.6952956e+01   2.2748046e+01   1.6664948e+01   1.9103722e+01   2.1905763e+01   1.9177990e+01   2.0862907e+01   1.6025073e+01   2.3666053e+01   1.3867597e+01   1.2649118e+01   1.1336853e+01   9.9302839e+00   9.8465629e+00   6.8600127e+00   5.2127120e+00   3.5079037e+00  -1.6433358e+00  -3.2578866e+00
   2.5460341e+01   2.5298221e+01   2.5122589e+01   2.4932019e+01   2.4724902e+01   2.4499428e+01   2.4253563e+01   2.3985014e+01   2.3691205e+01   2.3369238e+01   2.3015605e+01   1.7043530e+01   2.0480577e+01   1.8868244e+01   2.0661037e+01   1.9015012e+01   1.7357170e+01   1.8609135e+01   2.1494431e+01   1.9379658e+01   1.8486050e+01   2.7483033e+01   2.3058893e+01   1.3310829e+01   1.1960831e+01  -9.8033881e+00   8.9434945e+00   7.2878667e+00   5.5469472e+00   2.4871604e+00  -3.7894134e+00  -2.2097433e+00
   2.5777447e+01   2.5630730e+01   2.5471447e+01   2.5298221e+01   2.5109490e+01   2.4903483e+01   2.4678197e+01   2.4431357e+01   2.4160384e+01   2.3862350e+01   2.3533933e+01   2.3171165e+01   2.2551725e+01   2.1144986e+01   2.2099540e+01   2.3271286e+01   1.9773425e+01   1.7764581e+01   1.8982703e+01   1.9850905e+01   1.9529265e+01   1.3214499e+01   1.5295685e+01   1.6809383e+01   2.3825784e+01  -2.6246728e+00   9.5124995e+00   9.1930060e+00   5.9264373e+00   3.9993469e+00  -4.0303273e+00  -3.5047603e+00
   2.6083590e+01   2.5952392e+01   2.5809661e+01   2.5654088e+01   2.5484176e+01   2.5298221e+01   2.5094281e+01   2.4870132e+01   2.4623235e+01   2.4350679e+01   2.4049130e+01   2.3714767e+01   2.3343098e+01   2.0242923e+01   2.3185202e+01   1.9015136e+01   1.9296634e+01   1.9647355e+01   1.8964452e+01   1.9553733e+01   2.0493525e+01   2.1055049e+01   2.2494553e+01   1.4824292e+01   1.1706250e+01   1.7239578e+01   1.0153725e+01   8.3179164e+00   6.3596516e+00  -3.9216093e+00   3.1033607e-01  -3.3091604e+00
   2.6377004e+01   2.6261287e+01   2.6135143e+01   2.5997347e+01   2.5846494e+01   2.5680970e+01   2.5498923e+01   2.5298221e+01   2.5076406e+01   2.4830637e+01   2.4557625e+01   2.4253563e+01   2.3914036e+01   2.3533742e+01   2.0850720e+01   1.9188519e+01   1.9760063e+01   2.1018878e+01   2.2037180e+01   2.0153270e+01   1.7815419e+01   1.9212219e+01   1.6980358e+01   1.9961470e+01  -3.5992028e+00   2.5106015e+01   1.0879406e+01   5.5510007e+00   6.8598390e+00   3.8648327e+00  -4.4090224e+00  -4.3365772e+00
   2.6655878e+01   2.6555432e+01   2.6445724e+01   2.6325628e+01   2.6193848e+01   2.6048888e+01   2.5889019e+01   2.5712236e+01   2.5516209e+01   2.5298221e+01   2.5055099e+01   2.4783128e+01   2.4477952e+01   2.4134453e+01   2.3746448e+01   2.0975100e+01   2.1593067e+01   2.4287575e+01   1.8495826e+01   2.0575030e+01   1.9484196e+01   1.9110739e+01   1.9419626e+01   2.1736266e+01   1.4838616e+01   9.8288115e+00   1.8047205e+01   9.6664526e+00   9.3733979e+00   6.7619583e+00  -1.4700521e+00  -1.9190246e+00
   2.6918381e+01   2.6832816e+01   2.6739186e+01   2.6636484e+01   2.6523541e+01   2.6399019e+01   2.6261287e+01   2.6108558e+01   2.5938658e+01   2.5749052e+01   2.5536752e+01   2.5298221e+01   2.5029267e+01   2.4724902e+01   2.4379180e+01   2.3984830e+01   2.1115014e+01   1.5857177e+01   1.8982400e+01   2.2520259e+01   1.9524421e+01   2.0053240e+01   1.6494933e+01   1.7168956e+01   1.7946894e+01   1.2377464e+01   1.2649407e+01   1.5956337e+01   8.6512444e-01  -1.4410501e+00   1.6810605e+00  -4.6007725e-01
   2.7162842e+01   2.7091421e+01   2.7013281e+01   2.6927507e+01   2.6832833e+01   2.7090638e+01   2.6612334e+01   2.6483519e+01   2.6339526e+01   2.6178445e+01   2.5997348e+01   2.5793035e+01   2.5561566e+01   2.5298221e+01   2.4997297e+01   2.4651878e+01   2.4253451e+01   2.3389208e+01   2.2672154e+01   1.9698352e+01   2.2509242e+01   2.0722020e+01   2.0081499e+01   1.9055811e+01   1.6805590e+01   1.8075038e+01   1.0346438e+01   1.1487491e+01   7.5431385e+00   4.0818760e-01   4.6276381e+00  -3.3934545e-01
   2.7771497e+01   2.7329381e+01   2.6983436e+01   2.8167554e+01   2.7118925e+01   2.5486744e+01   2.6938711e+01   2.8274520e+01   2.6714501e+01   2.7032619e+01   2.6431329e+01   2.6261379e+01   2.6067670e+01   2.5846492e+01   2.5592138e+01   2.5298221e+01   2.4956710e+01   2.4557452e+01   1.9721996e+01   2.1739611e+01   2.0350365e+01   2.1597874e+01   1.9152787e+01   2.0489553e+01   1.7762211e+01   1.8560650e+01   1.6231445e+01   1.5291880e+01   5.5517852e+00   1.1818276e+00   1.3291252e+00  -1.0596121e+00
   2.7589758e+01   2.7544391e+01   2.7494627e+01   2.7439832e+01   2.7379403e+01   2.0049993e+00   2.7697480e+01   2.7152991e+01   2.5998769e+01   2.6953031e+01   2.6833025e+01   2.8017343e+01   2.3541978e+01   2.6360949e+01   2.6153863e+01   2.5912819e+01   2.5630960e+01   2.5298495e+01   2.4903342e+01   2.4431385e+01   2.1356680e+01   2.1460924e+01   2.4210817e+01   2.0554603e+01   1.9597225e+01   1.8934991e+01   1.7124010e+01   1.4663545e+01   7.0488453e+00   8.5535222e+00   6.5343001e-01  -3.4149670e-02
   2.7768926e+01   2.7735010e+01   2.7697667e+01   2.7656429e+01   2.7610603e+01   2.0167567e+01   2.7503142e+01   2.7439944e+01   2.7368647e+01   2.8184423e+01   2.8267792e+01   2.7947850e+01   2.7962293e+01   2.6483974e+01   2.6996158e+01   2.5914388e+01   2.8238964e+01   2.8145418e+01   2.5681360e+01   2.7921946e+01   2.8034600e+01   2.0797966e+01   2.3064231e+01   2.1471985e+01   2.1940343e+01   2.0677262e+01   1.7878820e+01   1.5678700e+01   1.6580019e+01   4.2106080e+00   2.0982047e+00  -1.6715914e+00
   2.7923395e+01   2.7899433e+01   2.7873021e+01   2.7843817e+01   2.7811639e+01  -2.5031336e+00   2.7735584e+01   2.6322278e+01   2.6872652e+01   2.7581455e+01   2.7443347e+01   2.7440003e+01   2.7353172e+01   2.8139232e+01   2.8202921e+01   2.7162612e+01   2.6833044e+01   2.7071631e+01   2.5779039e+01   2.7798625e+01   2.5749323e+01   2.3133796e+01   2.4631473e+01   2.3309576e+01   2.2166111e+01   1.9545685e+01   1.8366957e+01   1.6199948e+01   1.3844681e+01   6.0634168e+00  -7.4305909e-01  -2.8189821e+00
   2.8051714e+01   2.8036159e+01   2.8018997e+01   2.8000000e+01   2.7978902e+01   2.7955735e+01   7.0998038e+00   2.7899906e+01   2.7866323e+01   2.7037547e+01   2.7785059e+01   2.8221378e+01   2.8284271e+01   2.8267725e+01   2.7899258e+01   2.8160365e+01   2.7696499e+01   2.7196148e+01   2.7436127e+01   2.6832988e+01   2.7324560e+01   2.7195123e+01   2.6831752e+01   1.7772213e+01   2.3334245e+01   2.3150286e+01   1.9829768e+01   1.8202846e+01   1.5144473e+01   6.5330716e+00   1.3281580e+00  -3.1835898e+00
   2.8152749e+01   2.8143902e+01   2.8134133e+01   2.8123310e+01   2.8111277e+01   2.8097999e+01   4.0673624e+00   1.7575571e+01   2.5521333e+01   2.8283137e+01   2.7812708e+01   2.8279655e+01   2.8079746e+01   2.8281870e+01   2.8224282e+01   2.8270428e+01   2.8283758e+01   2.8253793e+01   2.7743523e+01   2.7883739e+01   2.8027292e+01   2.7588055e+01   2.7496085e+01   2.6872742e+01   2.5513923e+01   2.6702503e+01   2.1740917e+01   1.9167183e+01   1.4473933e+01   1.0848143e+01   9.1160592e-01  -5.8043825e-01
   2.8225590e+01   2.8221626e+01   2.8217247e+01   2.8212392e+01   2.8206992e+01   2.8201045e+01   1.1073863e+01   2.0196574e+01   2.6096334e+01   2.7706760e+01   2.7917225e+01   2.8243359e+01   2.8253197e+01   2.8160762e+01   2.8025136e+01   2.7697326e+01   2.8256684e+01   2.8111438e+01   2.8279871e+01   2.8088099e+01   2.8180515e+01   2.7988623e+01   2.8009085e+01   2.7743136e+01   2.7392109e+01   2.7133171e+01   2.6639266e+01   2.3385653e+01   1.8662256e+01   1.3272306e+01   5.3002086e+00  -6.4757977e-01
   2.8269567e+01   2.8268571e+01   2.8267470e+01   2.8266250e+01   2.8264892e+01   2.8263416e+01   1.3005994e+01   2.6507272e+01   2.7850647e+01   2.8269576e+01   2.7549359e+01   2.8139486e+01   2.7974918e+01   2.7931718e+01   2.8142100e+01   2.8099946e+01   2.8262386e+01   2.8278504e+01   2.8282598e+01   2.8269736e+01   2.8176981e+01   2.8258643e+01   2.8062733e+01   2.7999571e+01   2.7943296e+01   2.7639415e+01   2.7556516e+01   2.6668724e+01   2.2703887e+01   1.6148728e+01   6.9845459e+00  -4.6613686e+00
   2.8284271e+01   2.8284271e+01   2.8284271e+01   2.8284271e+01   2.8284271e+01   2.8284271e+01   1.9129832e+01   2.5248199e+01   2.8284271e+01   2.8284271e+01   2.8183534e+01   2.7697525e+01   2.4676376e+01   2.6012556e+01   2.0763568e+01   2.8284271e+01   2.6838467e+01   1.2675241e+01   2.8168791e+01   2.8284271e+01   2.8284271e+01   2.8229419e+01   2.8271347e+01   2.8284271e+01   2.8284218e+01   2.7754651e+01   2.7350807e+01   2.7838574e+01   2.5018097e+01   2.0736681e+01   5.6579534e+00   0.0000000e+00
   2.8269567e+01   2.8268571e+01   2.8267470e+01   2.8266250e+01   2.8264851e+01   1.2798516e+01   1.4171590e+01   2.8259683e+01   2.8257582e+01   2.8255097e+01   2.8252192e+01  -4.9405317e+00   2.2632790e+01   9.9374442e+00   2.8235345e+01   2.8229189e+01   2.8221654e+01   2.8212471e+01   2.8200953e+01   2.8186650e+01   2.8168115e+01   2.8143894e+01   2.8111273e+01   2.8065857e+01   2.8000011e+01   2.7899472e+01   2.7734954e+01   2.7439826e+01   2.6833259e+01   2.7292482e+01  -6.4395234e+00  -1.8956699e+01
   2.8225593e+01   2.8221629e+01   2.8217250e+01   2.8212396e+01   2.8206994e+01   2.8200876e+01   2.8194111e+01   2.8186574e+01   2.8177944e+01   2.8168119e+01   2.8156868e+01   2.8143776e+01   2.8128949e+01   2.8111154e+01   2.8090548e+01   2.8065867e+01   2.8036170e+01   2.8000013e+01   2.7955388e+01   2.7899451e+01   2.7828064e+01   2.7735034e+01   2.7610769e+01   2.7439810e+01   2.7196050e+01   2.6832875e+01   2.6261364e+01   2.5298326e+01   2.3534085e+01   2.0000693e+01   1.2649239e+01   2.1286429e-05
