   5.5001493e+00   2.9814962e+00   6.5168710e+00  -3.8392737e+00  -2.3281769e-01  -6.4425360e+00  -7.3210926e+00  -3.8610238e+00  -3.1506824e+00  -2.7188135e+01  -1.3302759e+01  -1.4461166e+01  -2.1908467e+01  -2.3479233e+01  -2.3425725e+01   0.0000000e+00   0.0000000e+00   0.0000000e+00   0.0000000e+00   0.0000000e+00   0.0000000e+00   0.0000000e+00  -7.3898441e+00  -5.1118019e+00  -1.1109064e+01  -2.1449766e+01  -1.9506792e+01  -2.0000027e+01  -2.0459465e+01  -1.6580498e+01  -1.6003106e+01  -1.5254060e+01
   2.7300755e+00   4.8333893e+00  -4.4996868e-01   5.8431525e+00   4.2070316e+00  -1.9063311e+00  -4.4537904e+00  -3.5299706e+00  -2.3920416e+00  -9.9880651e+00  -8.7589834e+00  -1.4567254e+01  -1.8482816e+01  -1.9103078e+01  -1.7768253e+01   0.0000000e+00   0.0000000e+00   0.0000000e+00   0.0000000e+00   0.0000000e+00   0.0000000e+00   0.0000000e+00  -1.2862301e+01  -1.4848036e+01  -1.7746313e+00  -2.3168049e+00  -2.5445608e+01  -2.0482225e+01  -2.1729170e+01  -1.9770802e+01  -1.7516392e+01  -2.2085842e+01
   4.3701452e+00  -1.3421579e-01   5.7589979e+00   5.9031810e+00   2.8588963e+00   1.5505392e+00  -1.7601510e+00  -3.0766769e+00  -3.8190370e+00  -6.9428668e+00  -1.4137363e+01  -1.4714619e+01  -1.5880661e+01  -1.2850161e+01  -1.1292583e+01  -2.0454246e+00   2.7485977e+01  -1.4169401e+01  -1.5103604e+01  -1.5971130e+01  -1.6778221e+01  -1.7526172e+01  -1.6194112e+01  -1.5280273e+01  -9.8155288e+00  -2.0752055e+01  -2.0506626e+01  -2.4490649e+01  -2.1544089e+01  -1.8382862e+01  -1.6892983e+01  -2.1657226e+01
   2.8205351e+00   1.8427656e-01   7.3016382e+00   6.0317892e+00   5.9986826e-01  -1.9249743e+00  -1.4280648e+00  -2.2888311e+00  -3.9580050e+00  -9.1095614e+00  -1.2862601e+01  -1.3723877e+01  -1.2205890e+01  -9.9723032e+00  -1.1738874e+01  -4.2600957e+00  -1.3733145e+01   2.8047858e+01  -1.5687806e+01  -1.7821124e+00  -1.7364555e+01  -1.9284831e+01  -1.6118404e+01  -1.9475105e+01  -1.2487551e+01  -1.8047217e+01  -2.1971354e+01  -2.2169150e+01  -2.1586649e+01  -2.1147228e+01  -2.4089954e+01  -2.2953565e+01
   5.9293641e+00   3.3817725e-01   3.2023956e+00   6.3548617e+00   2.6926140e+00  -1.7645457e-01  -4.1558330e+00  -4.6889453e+00  -5.2488081e+00  -1.1835110e+01  -1.1919954e+01  -1.1623202e+01  -1.1289478e+01  -9.1426790e+00  -1.2707815e+01  -1.3626968e+01  -5.2234094e+00  -1.5364165e+01  -1.6311638e+01  -2.3249234e+01  -2.1375455e+01  -2.0126323e+01  -1.9294427e+01  -1.3991900e+01  -2.1737535e+01  -2.3489189e+01  -2.1308376e+01  -2.3839329e+01  -2.0506666e+01  -2.0667660e+01  -2.3080513e+01  -2.0890532e+01
   4.3739894e+00  -1.8498006e+00   2.3532762e+00   2.3491360e+00   2.0554226e+00  -1.6756748e+00  -8.3465733e-01  -3.8182307e+00  -8.8328414e+00  -9.7380892e+00  -1.1056146e+01  -1.0485954e+01  -8.2480599e+00  -1.1413340e+01  -1.3755330e+01  -1.6430929e+01  -1.4990814e+01  -1.6024503e+01  -2.2342499e+01  -2.0102234e+01  -1.8979182e+01  -1.6124338e+01  -1.9476521e+01  -2.1353155e+01  -2.3311612e+01  -2.4139986e+01  -2.1857182e+01  -2.4030732e+01  -2.2191846e+01  -2.3218519e+01  -2.3081191e+01  -2.3822902e+01
   2.8992496e+00  -2.7284248e+00   4.6891244e+00   4.9681407e+00   3.1654584e-01   2.3026829e+00  -2.9494903e+00  -5.3420234e+00  -9.7735767e+00  -1.0149012e+01  -1.0673174e+01  -1.0316245e+01  -1.0210993e+01  -1.0867848e+01  -1.6723128e+01  -1.4553500e+01  -2.3666415e+01  -2.3666883e+01  -2.0525994e+01  -2.0423771e+01  -2.2857131e+01  -2.2451623e+01  -2.2918965e+01  -2.3307067e+01  -2.4170660e+01  -2.1924596e+01  -2.2213228e+01  -2.5218404e+01  -2.3369157e+01  -2.2520293e+01  -2.3984946e+01  -2.4253551e+01
   1.1140478e+01   4.8103707e+00   4.5070472e+00   4.5475758e+00   3.4555046e+00  -2.6777984e-01  -3.6379925e+00  -6.9343114e+00  -8.7173498e+00  -9.8698726e+00  -1.0239411e+01  -1.0958317e+01  -1.0948109e+01  -1.4040089e+01  -2.5521795e+01  -2.7054827e+01  -2.0905575e+01  -1.8252521e+01  -2.0630234e+01  -2.2073484e+01  -2.3077508e+01  -2.3182523e+01  -2.3944411e+01  -2.1914008e+01  -2.2859552e+01  -2.4447873e+01  -2.0976491e+01  -2.3533844e+01  -2.1289360e+01  -2.4160235e+01  -2.4431356e+01  -2.4678166e+01
  -4.0569690e+00   6.3739761e+00   5.2155131e+00   4.9007234e+00   2.8824944e-01  -5.0310828e-01  -4.6481633e+00  -7.1464778e+00  -7.0941086e+00  -9.4435083e+00  -1.1655875e+01  -9.2442029e+00  -1.6007245e+01  -1.9542322e+01  -2.1821967e+01  -1.9997083e+01  -2.1513700e+01  -2.1920337e+01  -2.2291754e+01  -2.1329050e+01  -2.3759593e+01  -2.3880279e+01  -2.3316888e+01  -2.2844221e+01  -2.2035660e+01  -2.3822248e+01  -2.1346378e+01  -2.4049033e+01  -2.4350581e+01  -2.4623236e+01  -2.4870225e+01  -2.4652378e+01
   3.5591266e+00   5.0613800e-01   6.8612344e+00  -1.7593205e+00   1.0327573e+00   5.3324635e-01  -2.2402640e+00  -6.1364567e+00  -8.5665051e+00  -9.7223722e+00  -1.0306704e+01  -7.8516049e+00  -1.4271329e+01  -2.0549334e+01  -2.2691788e+01  -2.0401484e+01  -1.9553886e+01  -1.9783459e+01  -2.3449397e+01  -2.4227959e+01  -2.1667816e+01  -2.2729684e+01  -2.4509986e+01  -2.3495756e+01  -2.3533593e+01  -1.9077649e+01  -2.4253323e+01  -2.4557625e+01  -2.4830745e+01  -2.5076517e+01  -2.7194341e+01  -2.5498998e+01
   2.4928299e+00   7.7731651e+00   8.7072820e+00   6.3700981e+00   5.2309958e+00  -8.0961967e-01  -4.1818359e+00  -8.3427526e+00  -8.0263064e+00  -9.5727615e+00  -9.6243876e+00  -9.4181759e+00  -2.0863417e+01  -1.7063019e+01  -2.0217471e+01  -2.1437940e+01  -2.2055206e+01  -2.4289889e+01  -2.1543947e+01  -2.3253512e+01  -2.2436944e+01  -2.2767603e+01  -2.3389005e+01  -2.3746525e+01  -2.0891735e+01  -2.4477812e+01  -2.5297645e+01  -2.5055228e+01  -2.7133317e+01  -2.5516309e+01  -2.5712335e+01  -2.5889013e+01
   9.1263684e+00  -1.7482559e+00   1.1464550e+01  -4.8621476e-01   4.2894103e+00  -2.6730719e+00  -4.4032421e+00  -7.5280903e+00  -8.5491588e+00  -1.0132560e+01  -1.2094217e+01  -1.0517584e+01  -2.0351563e+01  -2.1083464e+01  -2.0751065e+01  -2.1943373e+01  -2.1337823e+01  -2.2192991e+01  -2.2846384e+01  -2.2991807e+01  -2.0976370e+01  -2.3533854e+01  -2.3985058e+01  -2.4525481e+01  -2.4724913e+01  -2.7133126e+01  -2.5298357e+01  -2.5536754e+01  -2.5749146e+01  -2.5938660e+01  -2.6108558e+01  -2.6261280e+01
   4.7325412e+00   1.4626739e+01  -9.9105058e+00  -1.2601059e+00   5.7448800e-01  -1.0305398e+00  -3.5339551e+00  -7.8453918e+00  -7.4033617e+00  -1.0241680e+01  -1.3036322e+01  -1.6512109e+01  -2.0580407e+01  -1.9907365e+01  -2.1096025e+01  -2.1711214e+01  -2.2493290e+01  -2.3576286e+01  -2.0654514e+01  -2.4278952e+01  -2.3792320e+01  -2.4253570e+01  -2.5320462e+01  -2.4997339e+01  -2.5298223e+01  -2.5561675e+01  -2.5793037e+01  -2.5997347e+01  -2.6178421e+01  -2.6339523e+01  -2.6483388e+01  -2.6612309e+01
   2.4398130e+01   2.5674072e+01   2.1802872e+01   4.0453458e+00   1.5873440e+00  -9.3766056e-01  -4.6596424e+00  -7.6527534e+00  -8.7025643e+00  -1.0057182e+01  -1.4723573e+01  -1.5694095e+01  -1.8854323e+01  -2.3124832e+01  -2.2869148e+01  -1.9984584e+01  -2.4321369e+01  -2.3736108e+01  -2.7760664e+01  -2.5629562e+01  -2.7863959e+01  -2.4254981e+01  -2.8141360e+01  -2.5592840e+01  -2.5846500e+01  -2.6067785e+01  -2.6261287e+01  -2.6431305e+01  -2.6581372e+01  -2.6714404e+01  -2.6832816e+01  -2.6938618e+01
   1.8446674e+01   2.3761182e+01   1.0290311e+01   1.0179620e+01  -8.2772187e-01  -4.1268847e-01  -5.3030476e+00  -7.0403414e+00  -8.6639120e+00  -1.2752890e+01  -1.4346993e+01  -1.8811986e+01  -2.2806371e+01  -2.1748201e+01  -2.3983665e+01  -2.3791102e+01  -2.4803969e+01  -2.5629227e+01  -2.8033614e+01  -2.4904223e+01  -2.5298424e+01  -2.5630710e+01  -2.5913510e+01  -2.5038527e+01  -2.6361438e+01  -2.6540679e+01  -2.6696351e+01  -2.6832816e+01  -2.6952811e+01  -2.7058824e+01  -2.7152900e+01  -2.7236732e+01
   1.9999916e+01   1.8107762e+01   2.1056041e+01   8.5351991e+00   5.8391415e+00  -1.5557180e+00  -4.9747676e+00  -7.8947706e+00  -9.5542623e+00  -1.7056857e+01  -1.9854077e+01  -2.1542791e+01  -1.9364244e+01  -2.2042929e+01  -2.1729357e+01  -2.8109737e+01  -2.5911604e+01  -2.4831258e+01  -2.5299209e+01  -2.5986598e+01  -2.5997825e+01  -2.6261511e+01  -2.6483397e+01  -2.6672129e+01  -2.6833125e+01  -2.4075995e+01  -2.7091987e+01  -2.7196009e+01  -2.7287642e+01  -2.7368349e+01  -2.7439774e+01  -2.7503263e+01
   2.1728516e+01   2.0000004e+01   1.7669495e+01   1.9066326e+01   5.5403208e+00   1.1525099e+00  -3.3443386e+00  -9.0337769e+00  -1.4074764e+01  -1.8131979e+01  -1.7745999e+01  -1.8374150e+01  -2.3046426e+01  -2.2551092e+01  -2.2838142e+01  -2.7374294e+01  -2.7938992e+01  -2.5649844e+01  -2.7025198e+01  -2.6400025e+01  -2.7964927e+01  -2.7528574e+01  -2.6997152e+01  -2.7135152e+01  -2.7252512e+01  -2.7353608e+01  -2.1845434e+01  -2.7515588e+01  -2.7580926e+01  -2.7638721e+01  -2.7689748e+01  -2.7735008e+01
   2.3533885e+01   2.2086305e+01   2.0000003e+01   1.6970883e+01   1.5327573e+01   3.4350193e+00  -4.6514115e+00  -9.5202646e+00  -1.4810727e+01  -1.9962308e+01  -2.3367593e+01  -2.0541709e+01  -2.1388628e+01  -2.6152937e+01  -2.7246224e+01  -2.7985542e+01  -2.8205618e+01  -2.8154847e+01  -2.8264746e+01  -2.5340283e+01  -2.8235966e+01  -2.7413805e+01  -2.6962378e+01  -2.6548219e+01  -2.8174486e+01  -2.8154424e+01  -2.6767327e+01  -2.0566139e+01  -2.7828406e+01  -2.7865999e+01  -2.7899433e+01  -2.7929037e+01
   2.5298186e+01   2.4253562e+01   2.2627416e+01   2.0000002e+01   1.5689170e+01   2.4115956e+00  -5.0524500e+00  -1.1367481e+01  -1.8981162e+01  -2.0979277e+01  -2.7003184e+01  -2.3640513e+01  -2.6289953e+01  -2.8022890e+01  -2.8282546e+01  -2.8280061e+01  -2.8252533e+01  -2.7899717e+01  -2.8130984e+01  -2.8282535e+01  -2.8280822e+01  -2.7189708e+01  -2.8259192e+01  -2.8076305e+01  -2.4913799e+01  -2.8006917e+01  -2.6282384e+01  -2.3423166e+01  -2.0255593e+01  -2.8046931e+01  -2.8065858e+01  -2.8082797e+01
   2.6832797e+01   2.6261286e+01   2.5298220e+01   2.3533933e+01   1.9999601e+01  -8.4651637e-01  -5.8396144e+00  -1.3911869e+01  -2.1753101e+01  -2.5704071e+01  -2.7858128e+01  -2.4383035e+01  -2.7015051e+01  -2.8108419e+01  -2.8284208e+01  -2.8276592e+01  -2.8284263e+01  -2.8275329e+01  -2.8231964e+01  -2.8233246e+01  -2.8282766e+01  -2.8278749e+01  -2.7729785e+01  -2.8254404e+01  -2.7906889e+01  -2.7891010e+01  -2.7443722e+01  -2.5884611e+01  -2.7221162e+01  -2.2845007e+01  -2.8186713e+01  -2.8194195e+01
   2.7899428e+01   2.7735010e+01   2.7439773e+01   2.6832811e+01   2.5297700e+01  -6.6792887e-01  -5.7138465e+00  -1.4573138e+01  -2.5727478e+01  -2.7696370e+01  -2.8283973e+01  -2.8219748e+01  -2.8184082e+01  -2.8240747e+01  -1.7791201e+01  -2.6665864e+01  -2.7960943e+01  -2.8164809e+01  -2.8283542e+01  -2.8259645e+01  -2.8199292e+01  -2.8105678e+01  -2.8162076e+01  -2.8281410e+01  -2.8244866e+01  -2.7810673e+01  -2.8238404e+01  -2.7727602e+01  -2.6461257e+01  -2.3622853e+01  -2.1272034e+01  -2.8261707e+01
   2.8284271e+01   2.8284271e+01   2.8284271e+01   2.8284271e+01   2.8284271e+01   2.0684131e+00   0.0000000e+00  -2.3083537e+01  -2.7168023e+01  -2.8055627e+01  -2.8113837e+01  -2.8213976e+01  -2.5806601e+01  -1.9653431e+01  -1.5642852e+01  -2.8187816e+01  -2.8072491e+01  -2.3832630e+01  -2.8284271e+01  -2.8284271e+01  -2.8284271e+01  -2.8284271e+01  -2.8284271e+01  -2.7590083e+01  -2.8252312e+01  -2.8275444e+01  -2.8221647e+01  -2.7865643e+01  -2.7336450e+01  -2.6191374e+01  -2.1474159e+01  -2.8284271e+01
   2.7899428e+01   2.7735010e+01   2.7439773e+01   2.6832811e+01   2.5298792e+01   1.0258770e+01  -4.2843921e+00  -2.0001472e+01  -2.5298396e+01  -2.6832755e+01  -2.7439576e+01  -2.0645148e+01  -1.8083813e+01  -2.1886917e+01  -1.7611281e+01  -2.8111411e+01  -2.8143916e+01  -2.8168050e+01  -2.8186570e+01  -2.8200960e+01  -2.8212392e+01  -2.8221626e+01  -2.8229190e+01  -2.8235446e+01  -2.8240720e+01  -2.8245179e+01  -2.8248978e+01  -2.8252247e+01  -2.8255059e+01  -2.5654982e+01  -1.8449739e+01  -1.9503716e+01
   2.6832856e+01   2.6261364e+01   2.5298326e+01   2.3534077e+01   2.0000194e+01   1.2649583e+01  -1.6468057e-04  -1.2649343e+01  -2.0000185e+01  -2.3534077e+01  -2.5298321e+01  -2.6261100e+01  -2.6832596e+01  -2.7195892e+01  -2.7440052e+01  -2.7610773e+01  -2.7735034e+01  -2.7828064e+01  -2.7899451e+01  -2.7955388e+01  -2.8000013e+01  -2.8036170e+01  -2.8065867e+01  -2.8090550e+01  -2.8111285e+01  -2.8128869e+01  -2.8143908e+01  -2.8156870e+01  -2.8168118e+01  -2.8177900e+01  -2.8186496e+01  -2.8194128e+01
