  -9.5819581e-01  -9.9177390e-01  -1.0277797e+00  -1.0654108e+00   6.8514329e+00  -1.1536863e+00  -1.4307551e+01  -1.7101750e+01  -1.0355467e+01  -1.0050757e+01  -1.3887935e+01  -1.5841796e+01  -1.6310509e+01  -2.0673323e+01  -2.8068011e+01   0.0000000e+00   0.0000000e+00   0.0000000e+00   0.0000000e+00   0.0000000e+00   0.0000000e+00   0.0000000e+00  -3.7374130e+00  -6.2874013e+00  -1.1884367e+01   7.0246229e+00   5.5825755e+00   1.8832099e+01   1.1975409e+01   7.6560173e-01   1.3104124e+01  -1.2295368e+01
   4.3308104e-09   3.9464622e-08   7.6238727e-04   1.6796221e+01   1.1237276e-03  -3.6995762e-06  -1.6778064e-03  -2.3644217e+01  -1.2644541e+01  -2.6965855e-03  -1.3410493e+01  -1.2712122e+01  -1.1691936e+01  -1.5735436e+01  -2.1080929e+01   0.0000000e+00   0.0000000e+00   0.0000000e+00   0.0000000e+00   0.0000000e+00   0.0000000e+00   0.0000000e+00   1.5804926e+01   7.1002014e+00   8.9461726e+00   1.2249341e+01   9.0943287e+00   8.2423962e+00   7.8041181e+00   8.1224486e+00   9.4278351e-01   5.9584288e+00
   9.5823993e-01   9.9182022e-01   1.0278519e+00   1.0673426e+00   1.1083475e+00   1.1534996e+00   1.2024811e+00   1.2536974e+00  -2.3240282e+01  -2.6263144e+01   1.4464835e+00   1.5255928e+00  -8.7229034e+00  -1.3372131e+01  -1.0003201e+01  -9.6838781e+00  -4.1459670e+00  -2.3456408e+00  -8.8815389e-01   8.3886208e-01   2.1155799e+00   6.6578330e+00   9.1306420e+00   7.0440839e+00   7.9127433e+00   4.1156470e+00   1.2377966e+01   1.3365669e+01   1.8904500e+01   1.1495197e+01   2.1726737e+01   2.5319469e+01
   1.9131888e+00   1.9799918e+00   2.0516193e+00   2.1286084e+00   2.2115824e+00   2.3012651e+00   2.3985014e+00   2.5042666e+00   2.6178064e+00  -1.7541304e+01  -6.2206950e+00   3.0390072e+00  -1.2487126e+01  -1.1377244e+01  -6.7902799e+00  -8.3758048e+00  -1.5119651e+00  -2.1846939e+00   1.7158303e+00   3.3107824e+00   4.5952336e+00   5.1029871e+00   5.9603714e+00   7.2715603e+00   3.3480868e+00   1.5933370e+01   1.4408510e+01   1.4216687e+01   1.8339070e+01   2.0604129e+01   1.7168181e+01   2.3050180e+01
   2.8616118e+00   2.9609328e+00   3.0673588e+00   3.1816698e+00   3.3047695e+00   3.4377040e+00   3.5816906e+00   3.7381544e+00   3.9075867e+00  -2.7295527e+01   4.2999557e+00   4.0953224e+00  -1.7091177e+00  -4.7839193e+00  -9.2778615e+00  -8.1659044e+00   2.1152518e+00  -2.4873067e+00   4.5394593e+00  -4.0056864e+00   1.9126283e+00   5.0208440e+00   2.7107010e+00   1.4211575e+01   1.4887286e+01   1.7608041e+01   1.6221756e+01   1.7612223e+01   1.7782286e+01   1.8736867e+01   2.6997166e+01   2.8255537e+01
   3.8003843e+00   3.9311921e+00   4.0712336e+00   4.2215036e+00   4.3831504e+00   4.5574983e+00   4.7460823e+00   4.9506903e+00   5.1735621e+00   8.9401765e+00   2.0408095e+01   5.9780917e+00   6.3023520e+00   6.6629326e+00   8.6525563e+00   1.5336923e+00   8.7052683e+00   9.2421401e+00  -2.2864961e+00   5.7367120e+00   6.8390872e+00   7.3157668e+00   1.6747543e+01   1.6269311e+01   1.6521649e+01   1.3782957e+01   1.5933515e+01   2.0488393e+01   2.6587827e+01   2.1354301e+01   2.6806257e+01   2.7856275e+01
   4.7265416e+00   4.8875073e+00   5.0596443e+00   5.2441262e+00   5.4423028e+00   5.6557232e+00   5.8861731e+00   6.1357199e+00   6.4067717e+00   6.7023049e+00   7.0258362e+00   7.3798817e+00   1.0338913e+01  -2.8017399e+00   8.6820675e+00  -2.1652270e+01   9.8225405e+00   5.9548521e+00   1.1276828e+01   1.1997740e+01   1.2276071e+01   1.6621576e+01   1.6950657e+01   2.0331792e+01   2.0951095e+01   1.6983248e+01   2.2946809e+01   2.1039101e+01   2.1813648e+01   2.6067825e+01   2.8255196e+01   2.8254986e+01
   5.6373221e+00   5.8268563e+00   6.0292754e+00   6.2458927e+00   6.4782106e+00   6.7279437e+00   6.9970548e+00   7.2878041e+00   7.6030259e+00   7.9452668e+00   8.3181332e+00   1.1484123e+01   1.0935397e+01   9.6653042e+00   7.1608697e+00  -2.1300069e+01   8.8163437e+00   8.9475199e+00   8.9161704e+00   1.7256580e+01   1.6710745e+01   1.8254867e+01   2.0182815e+01   1.7598889e+01   1.8777622e+01   1.8586648e+01   1.9629472e+01   1.6095559e+01   2.7182106e+01   2.6276179e+01   2.8179006e+01   2.8273701e+01
   6.5229119e+00   6.7463768e+00   6.9767607e+00   7.2235335e+00   7.4865645e+00   7.7702749e+00   8.0744996e+00   8.4026946e+00   1.3814291e+01   1.4335213e+01   9.5565527e+00   6.4054981e+00   1.0504302e+01   8.0023334e+00   1.1641332e+01   1.5065775e+01  -4.4346230e+00   1.1198045e+01   1.6685292e+01   1.5420060e+01   1.7875232e+01   1.4075523e+01   1.9325949e+01   1.9990437e+01   2.2240061e+01   2.0625688e+01   2.6504887e+01   1.9498825e+01   2.7592652e+01   2.8251859e+01   2.8164857e+01   2.7633546e+01
  -2.7892385e+01   7.6365676e+00  -8.0312950e-01   8.1731527e+00  -9.7715960e+00   8.7788318e+00   9.1144414e+00   1.2645346e+01   5.9901310e+00   1.0282822e+01   1.5140144e+01   1.1226390e+01   1.1759486e+01   1.2335571e+01   1.4033320e+01   1.6726460e+01   1.2650811e+01   1.6829110e+01   1.7002331e+01   1.8780055e+01   1.6738722e+01   1.8798112e+01   2.1155873e+01   1.9629049e+01   2.0652656e+01   1.9126749e+01   2.0467590e+01   1.8998508e+01   2.7800212e+01   2.7396563e+01   2.8054116e+01   2.8272243e+01
   8.2471159e+00   1.0313683e+01   8.7972556e+00   9.0954044e+00   2.4933795e+00   1.1897352e+01  -6.8416076e+00   9.9382227e+00   1.3942067e+01   1.1506769e+01   5.7564177e+00   1.2373468e+01   1.4909800e+01   1.5236806e+00   1.9101921e+01   1.2910977e+01   1.7241019e+01   1.4838143e+01   1.5510611e+01   1.6679574e+01   1.8229959e+01   2.2149238e+01   2.1237831e+01   2.0211783e+01   2.2628887e+01   2.2179753e+01   2.3259049e+01   2.7252764e+01   2.6940571e+01   2.8229084e+01   2.7542521e+01   2.8263543e+01
   1.9859197e+01   1.0365954e+01   1.0341444e+01   9.9855346e+00   9.3462102e+00   1.0689090e+01   2.0186322e+01   1.1487894e+01   1.7610521e+01   7.5423665e+00   1.2906353e+01   1.8264860e+01   1.4033408e+01   1.8969383e+01   1.1876544e+01   1.7794788e+01   1.6833686e+01   1.9393253e+01   1.7503941e+01   1.8155956e+01   2.1826072e+01   1.9735466e+01   1.9909896e+01   2.0004541e+01   2.4782721e+01   2.4766231e+01   2.6696212e+01   2.7439799e+01   2.8217100e+01   2.8184448e+01   2.8203117e+01   2.8283129e+01
   5.4537827e+00   4.8508796e+00   1.0031071e+01   4.2179319e+00   1.1202446e+01   1.5685173e+01   1.3729586e+01   1.2422828e+01   1.2883066e+01   1.3373105e+01   1.3896803e+01   1.4455679e+01   1.5544986e+01   1.4737329e+01   1.8849239e+01   1.3715857e+01   1.8874749e+01   1.6816917e+01   2.2724666e+01   2.1007851e+01   2.1852391e+01   2.1731914e+01   2.1408465e+01   2.4350089e+01   2.0872807e+01   2.6178252e+01   2.6952811e+01   2.7580924e+01   2.8024989e+01   2.8261301e+01   2.8030451e+01   2.7901290e+01
   8.3235981e+00   1.0504964e+01   1.1312094e+01   1.1666616e+01   1.9881979e+00   1.9481025e+01   1.2863466e+01   1.3310247e+01   1.3784801e+01   1.4289014e+01   1.7827504e+01   1.6065327e+01   1.7156028e+01   1.2184245e+01   1.8029070e+01   2.0292523e+01   2.0036285e+01   2.3267441e+01   2.0767579e+01   2.1656255e+01   2.2546612e+01   2.3080452e+01   2.3984722e+01   1.9536798e+01   2.5711929e+01   2.6483387e+01   2.7152900e+01   2.7689824e+01   2.7845487e+01   2.8053129e+01   2.8252314e+01   2.8221443e+01
   5.9997406e+00   1.1737873e+01   1.2295709e+01   1.2457103e+01   1.2845956e+01   1.3257620e+01   1.3691328e+01   1.4149903e+01   1.4635022e+01   2.0200209e+01   1.5968097e+01   8.5967992e+00   1.7297669e+01   1.7764084e+01   2.2720697e+01   1.9071660e+01   2.3643044e+01   1.9889556e+01   2.1821407e+01   2.0049466e+01   1.9075440e+01   1.8772700e+01   2.4499190e+01   2.3863757e+01   2.6048834e+01   2.6728242e+01   2.7311738e+01   2.7775338e+01   2.8097968e+01   2.7759777e+01   2.8227606e+01   2.8232863e+01
   1.2126508e+01   1.2470641e+01   1.2832103e+01   1.3212174e+01   1.3611765e+01   1.4032507e+01   1.4475775e+01   1.3107572e+01   1.4197075e+01   2.0118704e+01   1.9050024e+01   1.7706734e+01   1.9623269e+01   2.0835797e+01   2.0926783e+01   2.2661534e+01   2.0135693e+01   2.1569047e+01   1.8489297e+01   2.1806089e+01   1.8564896e+01   6.8819225e+00   2.4931601e+01   2.5654033e+01   2.6325627e+01   2.6927434e+01   2.7439774e+01   2.7843817e+01   2.8123310e+01   2.8207709e+01   2.8280971e+01   2.8260387e+01
   1.2819768e+01   1.3173298e+01   1.3543984e+01   1.3932498e+01   7.7774814e+00   4.8166346e+00   1.1257943e+01   1.6883733e+01   1.7505772e+01   1.3854118e+01   1.8442413e+01   2.1111645e+01   2.7538973e+01   2.1404171e+01   1.5694554e+01   2.2759476e+01   2.2863080e+01   2.2316571e+01   2.2205723e+01   6.8807392e+00   2.3934520e+01   2.6521430e+01   2.5298307e+01   2.5952392e+01   2.6555432e+01   2.7091418e+01   2.7544389e+01   2.7899433e+01   2.8143933e+01   2.7628962e+01   2.8224982e+01   2.8271857e+01
   1.3484911e+01   1.3846134e+01   1.4223978e+01   1.4619036e+01   9.8134195e+00   4.6852826e+00   1.0452378e+01   2.4081890e+01   1.8272844e+01   2.0138574e+01   1.4433280e+01   5.9450448e+00   2.2742252e+01   2.1780467e+01   2.0287695e+01   2.0988819e+01   2.2723171e+01   2.1936702e+01   9.2383257e+00   2.3646150e+01   2.4320362e+01   2.4978381e+01   2.5610248e+01   2.6204432e+01   2.6748056e+01   2.7227880e+01   2.7630905e+01   2.7945200e+01   2.8160802e+01   2.8275723e+01   2.8208678e+01   2.8283910e+01
   1.4122314e+01   1.4489418e+01   1.4872495e+01   1.5272222e+01   1.5689087e+01   1.6725078e+01   8.0810599e+00   2.1039146e+01   1.7267601e+01   1.5256524e+01   1.8585140e+01   4.9882066e+00   2.5638302e+01   1.7914139e+01   2.2676652e+01   2.1727462e+01   1.5756920e+01   2.2786832e+01   2.4540855e+01   2.4064245e+01   2.4690570e+01   2.5298221e+01   2.5877783e+01   2.6418975e+01   2.6910915e+01   2.7342553e+01   2.7703229e+01   2.7983302e+01   2.8174846e+01   2.6836627e+01   2.7704128e+01   2.8260281e+01
   1.4732294e+01   1.5103603e+01   1.5490141e+01   1.5892452e+01   1.6310636e+01   2.8284146e+00   2.5672160e+01   2.2631855e+01   1.7652206e+01   3.1042893e+00   5.7436552e-01   3.0045027e+00   1.3012117e+01   2.3755519e+01   2.0919824e+01   1.9401195e+01   2.8231334e+01   1.7247083e+01   2.3834893e+01   2.4431357e+01   2.5014178e+01   2.5576014e+01   2.6108558e+01   2.6602882e+01   2.7049707e+01   2.7439774e+01   2.7764276e+01   2.8015352e+01   2.8186582e+01   2.8204819e+01   2.7831575e+01   2.8275676e+01
   1.5315316e+01   1.5689291e+01   1.6077681e+01   1.6480899e+01   1.6899317e+01   1.7332970e+01   2.0721041e+01   2.0268815e+01   7.3943199e+00   9.3220248e-01   1.9736741e+01   1.9619920e+01   1.6840744e+01   1.9876042e+01   1.7762520e+00   2.7086490e+01   2.3057454e+01   2.3628957e+01   2.4197193e+01   2.4755569e+01   2.5298221e+01   2.5818399e+01   2.6308763e+01   2.6761559e+01   2.7168860e+01   2.7522867e+01   2.7816257e+01   2.8042562e+01   2.8196549e+01   2.8180525e+01   2.8224794e+01   2.7945310e+01
   1.5871971e+01   1.6247214e+01   1.6636008e+01   1.7038640e+01   1.7455358e+01   1.7886823e+01   2.2560091e+01   7.4313630e+00  -2.3819891e+00   1.9748358e+01   1.1178065e+00  -1.0291223e+01   2.8184897e+01   2.2067956e+01   2.4878578e+01   2.2899622e+01   2.3443385e+01   2.3985014e+01   2.4519813e+01   2.5042834e+01   2.5548546e+01   2.6030889e+01   2.6483388e+01   2.6899306e+01   2.7271847e+01   2.7594411e+01   2.7860869e+01   2.8065857e+01   2.8205056e+01   2.8275435e+01   2.8200747e+01   2.7915672e+01
   1.6402951e+01   1.6778202e+01   1.7166109e+01   1.7566842e+01   1.7980814e+01   2.4106919e+01   2.5012265e+01   1.9298751e+01   1.9761301e+01   2.0239454e+01   2.0725971e+01   2.1222585e+01   2.1729518e+01   2.7973319e+01   2.2757259e+01   2.3275041e+01   2.3792120e+01   2.4304473e+01   2.4808029e+01   2.5298221e+01   2.5770024e+01   2.6218015e+01   2.6636484e+01   2.7019565e+01   2.7361418e+01   2.7656429e+01   2.7899433e+01   2.8085950e+01   2.8212392e+01   2.8276248e+01   2.7179554e+01   2.8258845e+01
   1.6909007e+01   1.7283143e+01   1.7669022e+01   1.8066708e+01   1.8476209e+01   1.8897712e+01   1.9330458e+01   1.9774017e+01   2.0228528e+01   2.0692978e+01   2.1166428e+01   2.1647690e+01   2.2135288e+01   2.2627746e+01   2.3121884e+01   2.3616170e+01   2.4107314e+01   2.4591933e+01   2.5066230e+01   2.5526009e+01   2.5966716e+01   2.6383508e+01   2.6771345e+01   2.7125113e+01   2.7439770e+01   2.7710521e+01   2.7932988e+01   2.8103400e+01   2.8218756e+01   2.8276969e+01   2.8276978e+01   2.8218772e+01
