   2.8200967e+01   2.8186580e+01   2.8168124e+01   2.8143915e+01   2.8111293e+01   2.8065876e+01   2.8000025e+01   2.7899592e+01  -8.5896264e+00   2.1367148e+01   2.2453649e+01   2.4661943e+01   2.7353236e+01   2.7327721e+01   2.6628780e+01   0.0000000e+00   0.0000000e+00   0.0000000e+00   0.0000000e+00   0.0000000e+00   0.0000000e+00   0.0000000e+00  -2.8111264e+01  -1.4275631e+01  -2.1006116e+01  -2.6643868e+01   2.3745981e+00  -2.6406233e+01  -2.8221650e+01  -2.8229175e+01  -2.8235444e+01  -2.8240709e+01
   2.8284271e+01   2.8284271e+01   2.8284271e+01   2.8284271e+01   2.8284271e+01   2.8284271e+01   2.8284271e+01   2.8284271e+01  -6.3735382e-01   1.7660519e+01   9.2581371e+00   1.3031370e+01   2.0770531e+01   0.0000000e+00   1.9769008e+01   0.0000000e+00   0.0000000e+00   0.0000000e+00   0.0000000e+00   0.0000000e+00   0.0000000e+00   0.0000000e+00   1.7537163e+01  -2.6844643e+01  -2.1737661e+01  -2.6997904e+01  -2.8099625e+01  -2.6288549e+01  -2.4209485e+01  -2.7331264e+01  -2.6908103e+01  -2.7340728e+01
   2.8200959e+01   2.8186571e+01   2.8168114e+01   2.8143902e+01   2.8111277e+01   2.8065857e+01   2.7999999e+01   2.7899176e+01   1.2096427e+01   1.1524260e+01   1.3677737e+01   1.4522333e+01   1.8372670e+01   1.6372517e+01   7.9686301e+00  -1.1324146e+01  -2.5959894e+01  -2.8121694e+01  -2.8262659e+01  -2.8281960e+01  -2.8283336e+01  -2.8271744e+01  -2.7856167e+01  -2.8000791e+01  -2.8199457e+01  -2.8282889e+01  -2.8092967e+01  -2.7728207e+01  -2.7659941e+01  -2.7806336e+01  -2.3432710e+01  -2.6505123e+01
   2.7955371e+01   2.7899433e+01   2.7828043e+01   2.7735010e+01   2.7610740e+01   2.7439771e+01   2.7195645e+01   1.9569401e+01   5.4545452e+00   1.1755067e+01   1.2549002e+01   1.6017429e+01   1.4611884e+01   1.0852046e+01   4.3879559e+00  -1.4694651e+01  -1.7371170e+01  -2.6796194e+01  -2.7692385e+01  -2.8272623e+01  -2.8080428e+01  -2.8266021e+01  -2.8284209e+01  -2.8198441e+01  -2.7591965e+01  -2.8219767e+01  -2.8211072e+01  -2.8000192e+01  -2.8283596e+01  -2.6940132e+01  -2.7890666e+01  -2.6026240e+01
   2.7559940e+01   2.7439774e+01   2.7287642e+01   2.7091418e+01   2.6832816e+01   2.6483133e+01   1.4852489e+01   7.8154622e+00   7.3338655e+00   1.1807639e+01   1.2940867e+01   1.3223075e+01   1.1718299e+01   1.0254533e+01   1.8931519e-01  -1.2002272e+01  -1.4476390e+01  -2.1571054e+01  -2.6609521e+01  -2.6516732e+01  -2.7416845e+01  -2.8143213e+01  -2.8275676e+01  -2.8254798e+01  -2.7288194e+01  -2.7849711e+01  -2.7700010e+01  -2.7466129e+01  -2.8260500e+01  -2.7800060e+01  -2.7827649e+01  -2.7899605e+01
   2.7033505e+01   2.6832816e+01   2.6581372e+01   2.6261287e+01   2.5846490e+01   2.5297962e+01   2.4556698e+01   1.1568021e+01   9.1709847e+00   1.2598055e+01   1.4015640e+01   1.1708701e+01   1.0136132e+01   7.0403590e+00  -2.6534194e+00  -8.0234327e+00  -1.5242570e+01  -1.6120663e+01  -2.0122587e+01  -2.1991893e+01  -2.7640531e+01  -2.8266963e+01  -2.6762001e+01  -2.7553574e+01  -2.7989479e+01  -2.8266630e+01  -2.6732133e+01  -2.6459302e+01  -2.7329562e+01  -2.7439777e+01  -2.7532496e+01  -2.7610738e+01
   2.6398989e+01   2.6108558e+01   2.5749052e+01   2.5298221e+01   2.4724622e+01   1.4701417e+01   1.6285332e+01   1.3909185e+01   6.5036800e+00   1.2511680e+01   1.1860796e+01   1.0639274e+01   8.6933145e+00   3.9167839e+00  -2.2352933e+00  -1.5513392e+01  -1.7136326e+01  -1.7879826e+01  -1.6175060e+01  -1.9245317e+01  -1.8702171e+01  -2.8250136e+01  -2.4726782e+01  -2.8203193e+01  -2.6555621e+01  -2.7128669e+01  -2.6399340e+01  -2.6636822e+01  -2.7610010e+01  -2.6996863e+01  -2.7134955e+01  -2.7252397e+01
   2.5680954e+01   2.5298221e+01   2.4830636e+01   2.4253562e+01   2.3533696e+01   1.5403128e+01   1.9866773e+01   6.6280877e+00   1.0115491e+01   1.1849764e+01   1.0356416e+01   9.8058761e+00   8.0696229e+00   1.7436968e+00  -4.6483899e+00  -1.9632670e+00  -1.5085502e+01  -1.5913758e+01  -1.7968327e+01  -1.8556330e+01  -2.3469683e+01  -2.2296228e+01  -2.3533812e+01  -2.4255260e+01  -2.4830707e+01  -2.5298283e+01  -2.5681020e+01  -2.6909987e+01  -2.6261445e+01  -2.7608025e+01  -2.6671855e+01  -2.6832848e+01
   2.4903464e+01   2.4431357e+01   2.3862350e+01   2.3171375e+01   2.2326025e+01   2.1285272e+01   1.2583295e+01   1.1556178e+01   9.8053803e+00   1.0814713e+01   1.0488700e+01   9.7756253e+00   6.9294897e+00   2.9902142e+00  -8.0127273e-01   5.3599967e+00   2.8854676e+00  -1.6446328e+01  -1.6544761e+01  -1.8114172e+01  -2.1126672e+01  -1.8452448e+01  -1.8206404e+01  -2.3171165e+01  -2.3862349e+01  -2.4431357e+01  -2.4903484e+01  -2.5298274e+01  -2.5630732e+01  -2.5912914e+01  -2.6153894e+01  -2.7227050e+01
   2.4088512e+01   2.3533936e+01   2.2874510e+01   2.2086018e+01   1.4997883e+01   1.2504108e+01   1.2463700e+01   1.1665101e+01   7.9436577e+00   9.4081432e+00   1.0843724e+01   8.1418778e+00   6.3117301e+00   9.0424115e-01  -4.9186517e+00  -6.6628509e+00  -9.9307462e+00  -1.4514637e+01  -1.9051878e+01  -1.7252995e+01  -1.9097205e+01  -2.1663119e+01  -2.2144629e+01  -2.0529684e+01  -2.2874325e+01  -2.3533934e+01  -2.4088535e+01  -2.4557625e+01  -2.4956710e+01  -2.5298221e+01  -2.5592138e+01  -2.5846533e+01
   2.3255081e+01   2.2627417e+01   2.1890756e+01   1.9531098e+01   1.5077586e+01   1.8790130e+01   1.4084799e+01   1.0042957e+01   9.1983406e+00   1.0173372e+01   9.7372017e+00   8.3350514e+00   1.2366241e-01   2.0389147e+00  -3.2200440e-01   8.3680451e+00  -8.9436881e+00  -1.1487494e+01  -1.5258416e+01  -1.7366809e+01  -1.6596340e+01  -2.0713123e+01  -1.9743525e+01  -1.8394687e+01  -1.8686801e+01  -2.2627297e+01  -2.3255107e+01  -2.3792120e+01  -2.4253562e+01  -2.4651879e+01  -2.4997297e+01  -2.5298209e+01
   2.2418763e+01   2.1728588e+01   2.0929161e+01   1.7608288e+01   1.5485465e+01   1.1174262e+01   1.2532697e+01   9.6819143e+00   8.0216434e+00   9.9342645e+00   8.5035085e+00   5.8770612e+00   3.5630946e+00   6.5223713e+00  -6.6329711e+00  -4.3673105e+00  -8.1273640e+00  -1.0504509e+01  -1.2648956e+01  -1.7870468e+01  -1.6787632e+01  -1.8392525e+01  -2.0364984e+01  -2.1397014e+01  -1.8446202e+01  -2.1876642e+01  -2.2418682e+01  -2.3015856e+01  -2.3533936e+01  -2.3985014e+01  -2.4379181e+01  -2.4724887e+01
   2.1591790e+01   2.0850168e+01   2.8247554e+01   1.5189977e+01   1.4191563e+01   1.4596318e+01   8.6255706e+00   9.3150191e+00   8.5430329e+00   9.9649633e+00   7.7094403e+00   4.3168761e+00  -3.9918595e+00   5.5014763e+00   2.5482770e+00  -4.3669921e+00  -7.4420527e+00  -9.6655359e+00  -2.1805256e+00  -1.3544009e+01  -1.9996705e+01  -1.5675638e+01  -2.0499919e+01  -2.1184858e+01  -2.5895963e+01  -1.9234645e+01  -1.8634535e+01  -2.2240324e+01  -2.2808578e+01  -2.3307425e+01  -2.3746630e+01  -2.4134438e+01
   2.0782945e+01   1.2658071e+01   1.2427950e+01   1.4438167e+01   1.8682714e+01   3.9060031e+00   7.4882368e+00   8.8058377e+00   8.3213975e+00   9.8453836e+00   9.3900499e+00  -3.2239976e+00   1.1329328e+01   8.9344586e+00  -5.7401763e+00  -4.6504356e+00  -6.8598166e+00  -8.9436621e+00  -1.0878149e+01  -1.2649275e+01  -1.7665693e+01  -1.9526046e+01  -2.2950079e+01  -2.0366430e+01  -1.6450650e+01  -2.1560483e+01  -2.0023730e+01  -2.1474864e+01  -2.2086303e+01  -2.2627417e+01  -2.3107341e+01  -2.3533918e+01
   1.6815632e+01   1.9183899e+01   9.9902739e+00   1.2976615e+01   1.6099215e+01   6.8334394e+00   7.2674632e+00   8.1015596e+00   9.3756876e+00   1.1046966e+01   7.4944919e+00   8.5222058e+00   1.8172960e+00   2.7473112e+00   5.5872144e+00  -1.2287879e+01  -3.6221728e+00   6.2141078e+00  -1.0152879e+01  -1.1852758e+01  -1.3409948e+01  -1.9107975e+01  -1.6100493e+01  -1.8437480e+01  -1.9930855e+01  -2.1028964e+01  -2.0579710e+01  -1.7651335e+01  -2.1373904e+01  -2.1951818e+01  -2.2467832e+01  -2.2929451e+01
   1.9245888e+01   1.8407033e+01   1.4589043e+01   6.5567270e+00   1.5294311e+01   8.9310370e+00   9.2889894e+00   7.9780911e+00   8.5419495e+00   1.0055305e+01   1.1183814e+01   2.6902096e+00  -3.5111234e+00  -9.7362916e-01  -2.0155324e+00  -1.2639245e+01   2.2923390e+00  -7.7694113e+00  -9.5140190e+00  -1.1141736e+01  -1.2649114e+01  -1.4033373e+01  -1.9995299e+01  -2.1652465e+01  -2.0142328e+01  -1.9375105e+01  -1.7887733e+01  -1.6572921e+01  -1.8605724e+01  -2.1285780e+01  -2.1833481e+01  -2.2326231e+01
   1.8524196e+01   1.7669042e+01   1.6726157e+01   1.5688913e+01   1.4551291e+01   3.3485477e+00   7.3278351e+00   7.9591071e+00   1.0126818e+01   1.3450289e+01   4.1668361e+00   1.2166959e+01  -2.1445100e+00   2.5584250e+00  -8.0371089e+00   1.9510918e+01  -2.0801791e+01  -7.2899865e+00  -2.7083693e+01  -1.0506320e+01  -1.1961020e+01  -1.3310249e+01  -1.4552375e+01  -1.5689771e+01  -2.0906549e+01  -1.8600811e+01  -2.0330377e+01  -2.0151301e+01  -2.0600274e+01  -1.4819467e+01  -2.1208392e+01  -2.1728557e+01
   1.7835815e+01   1.6970563e+01   1.6023855e+01   1.4990201e+01   2.7828992e+00   7.6325408e-01   6.2265673e+00   7.8803291e+00   1.0227851e+01   1.3234900e+01   1.3305747e+01   4.6592742e+00   1.4726146e+00  -3.2618289e+00   1.7228673e+01   7.2227631e+00  -5.2131960e+00  -1.6678230e+01  -8.4387531e+00  -2.5099543e+01  -1.1337675e+01  -1.2649111e+01  -1.3866682e+01  -1.4990654e+01  -1.6025376e+01  -2.1953385e+01  -2.0388537e+01  -2.0844960e+01  -1.6952591e+01  -9.8052543e+00  -2.0596235e+01  -2.1139904e+01
   1.7181246e+01   1.6311064e+01   1.5365467e+01   1.4340688e+01   1.3232997e+01   2.1517884e+00   7.1094720e+00   7.0086550e+00   1.1771067e+01   1.5557881e+01   2.6438122e-01   9.7944305e-01  -3.9129043e+00   8.6775627e+00   1.2635438e+01  -3.3036035e+00  -4.9153907e+00  -6.4786795e+00  -7.9811795e+00  -1.6576597e+01  -1.0770225e+01  -1.2044164e+01  -1.3234694e+01  -1.4341751e+01  -2.6451068e+01  -1.6312616e+01  -2.1711784e+01  -1.3745740e+01  -1.9167608e+01  -1.5202506e+01  -1.9999685e+01  -2.0563010e+01
   1.6560135e+01   1.5689291e+01   1.4748834e+01   1.3736056e+01   1.2648723e+01   2.5079285e+00   6.7119152e+00   1.1124785e+01   1.6089807e+01   2.0572743e+01   9.8066790e-01   7.6276293e+00  -1.7957127e-01  -3.7366008e+00  -1.5678552e+00  -1.9594099e+00  -4.6498539e+00  -6.1357199e+00  -7.5701163e+00  -8.9452372e+00  -2.3245153e+01  -2.5801348e+01  -2.6923518e+01  -1.3736901e+01  -1.4750660e+01  -1.5689951e+01  -2.6827310e+01  -2.5673974e+01  -1.9052633e+01  -1.8007454e+01  -1.5923292e+01  -1.9999617e+01
   1.5971635e+01   1.5103603e+01   1.4171446e+01   1.3173298e+01   1.2107768e+01   4.5015898e+00   6.6186711e+00   7.2727530e+00   2.4644788e+01   2.8137306e+01   2.5473240e+01   9.9230652e+00  -1.3318230e+00   2.1340480e+00   1.0688949e+01  -3.6889536e+00  -4.4113198e+00  -5.8268563e+00  -7.1981575e+00  -8.5172920e+00  -9.7787067e+00  -1.0976716e+01  -1.2108944e+01  -1.3174097e+01  -2.7298552e+01  -1.5105139e+01  -2.7764850e+01  -2.8048881e+01  -2.2172257e+01  -2.1518227e+01  -1.4307318e+01  -1.4007908e+01
   1.5414560e+01   1.4552138e+01   1.3630721e+01   1.2649111e+01   1.1606372e+01   1.3194060e+00   9.0179446e+00   1.6799847e+01   6.8615619e+00   1.4815394e+01   4.1972042e+00   2.8155223e+00   1.3396799e+01  -3.2436058e+00  -1.4119618e+00  -2.8144134e+00  -4.1957021e+00  -5.5470020e+00  -6.8599434e+00  -8.1274255e+00  -9.3437211e+00  -1.0504515e+01  -1.1606866e+01  -1.2649123e+01  -1.3631505e+01  -1.4552162e+01  -1.5415359e+01  -1.6220731e+01  -1.6971107e+01  -2.3425693e+01  -1.4077342e+01  -1.8920381e+01
   1.4887519e+01   1.4032928e+01   1.3124100e+01   1.2160358e+01   1.1141563e+01   6.8998073e+00   5.2362847e+00   7.7705259e+00   6.5512312e+00   5.2927660e+00   4.0002579e+00   8.4675041e+00  -3.6132873e+00  -3.1707807e+00   8.2882540e-01  -2.6815082e+00  -4.0000000e+00  -5.2923296e+00  -6.5512178e+00  -7.7702869e+00  -8.9442719e+00  -1.0069068e+01  -1.1141720e+01  -1.2160358e+01  -1.3124100e+01  -1.4032928e+01  -1.4887557e+01  -1.5689291e+01  -1.6439903e+01  -1.7141285e+01  -4.3591011e+00  -8.1447192e+00
   1.4389022e+01   1.3544005e+01   1.2649131e+01   1.1704135e+01   1.0709371e+01   9.6658189e+00   8.5757419e+00   7.4420956e+00   6.2684036e+00   5.0596543e+00   3.8215902e+00   2.5609862e+00   1.2841019e+00  -1.7418029e-04  -1.2842292e+00  -2.5607412e+00  -3.8215862e+00  -5.0596543e+00  -6.2684036e+00  -7.4420982e+00  -8.5759104e+00  -9.6659710e+00  -1.0709373e+01  -1.1704135e+01  -1.2649131e+01  -1.3544005e+01  -1.4389060e+01  -1.5185154e+01  -1.5933594e+01  -1.6636022e+01  -1.7293872e+01  -1.7910265e+01
