   1.4466932e+01   1.3585372e+01   1.2649132e+01   1.1657889e+01   1.0611959e+01   6.8630952e+00   9.2655268e+00   4.8084176e+00   5.9743484e+00   1.7419496e+01  -5.6224248e+00   3.1085938e-01   2.2635923e+00  -6.7376060e-01  -2.0153958e+00   0.0000000e+00   0.0000000e+00   0.0000000e+00   0.0000000e+00   0.0000000e+00   0.0000000e+00   0.0000000e+00  -1.5372250e+00  -3.4288584e+00  -8.9492123e+00  -1.4466834e+01  -1.4679635e+01  -1.6070859e+01  -1.6796752e+01  -1.5660779e+01  -1.4587003e+01  -1.2277526e+01
   1.4990594e+01   1.4098892e+01   1.3147488e+01   1.2135559e+01   1.1063222e+01   1.2050998e+01   1.2250013e+01   7.4991311e+00  -7.0764137e+00   2.4009098e+00   8.7841226e-01   4.2174252e+00   5.5411137e+00  -1.4976619e+01  -8.1591449e+00   0.0000000e+00   0.0000000e+00   0.0000000e+00   0.0000000e+00   0.0000000e+00   0.0000000e+00   0.0000000e+00  -1.2135064e+01  -1.0765811e+01  -1.4098672e+01  -1.6833493e+01  -1.5824340e+01  -1.6602194e+01  -1.9997193e+01  -1.8978871e+01  -1.9576962e+01  -2.2700861e+01
   1.5545463e+01   1.4645671e+01   1.3680709e+01   1.2649111e+01   1.1550338e+01   1.0385441e+01   1.5682189e+01   4.3708449e+00   6.5177835e+00   7.1266583e+00   9.5056590e+00   8.8270463e-01   3.7111991e+00  -3.2093212e+00  -1.2549279e+00   7.1211131e+00  -5.1235684e+00  -6.5185882e+00  -7.8646872e+00  -9.1552894e+00  -1.0385059e+01  -1.1550351e+01  -1.2454997e+01  -8.3807071e+00  -1.4645551e+01  -1.5545586e+01  -1.6382397e+01  -1.9504018e+01  -1.9504967e+01  -2.0226228e+01  -2.2904950e+01  -1.7724332e+01
   1.6133190e+01   1.5227948e+01   1.4251625e+01   1.3201927e+01   1.2077562e+01   1.0878415e+01   5.9312785e+00   8.4843902e+00   2.9148557e+00   5.5468690e+00   1.1190868e+01   4.7242778e+00   1.8934501e+00   2.4201401e+00  -8.5784950e-01  -5.5651626e-01  -5.3971589e+00  -6.8599433e+00  -8.2651883e+00  -9.6065962e+00  -1.0878570e+01  -1.2077892e+01  -1.4228022e+01  -9.8297184e+00  -1.7429188e+01  -1.6133159e+01  -1.3024839e+01  -2.0911143e+01  -2.0573860e+01  -2.2419596e+01  -2.0311030e+01  -1.9072291e+01
   1.6755293e+01   1.5847942e+01   1.4863183e+01   1.3797672e+01   1.2649111e+01   1.1416905e+01   1.5241025e+01   9.2656776e+00   2.9150643e+00   9.8015774e-01   4.1151077e+00   3.8917392e+00   1.5205113e+00   8.0264319e-01   1.2836585e+00  -4.1137570e+00  -5.7035793e+00  -7.2377346e+00  -8.7064725e+00  -1.0101377e+01  -1.1417202e+01  -1.8717268e+01  -8.7614753e+00  -1.1220949e+01  -1.5848351e+01  -1.6755518e+01  -2.0542995e+01  -1.9356965e+01  -2.1041503e+01  -1.9778241e+01  -2.1022395e+01  -1.5910428e+01
   1.7413004e+01   1.6507720e+01   1.5518348e+01   1.4440217e+01   1.3269714e+01   1.2004807e+01   1.0645792e+01   9.2674953e+00   6.5455936e+00   8.3581597e+00  -1.8430791e+00   5.6052828e+00   1.7781916e+00   7.7247690e-01   2.7460684e+00  -9.6650437e-01  -6.0441120e+00  -7.6578414e+00  -9.1946538e+00  -1.0646392e+01  -1.7108959e+01  -1.2649903e+01  -1.3950740e+01  -1.3946939e+01  -2.4925267e+01  -1.8174294e+01  -2.0847562e+01  -1.8399220e+01  -2.2158056e+01  -1.9314802e+01  -1.7560228e+01  -2.1392834e+01
   1.8107110e+01   1.7209043e+01   1.6219965e+01   1.5133558e+01   1.3944501e+01   1.2649111e+01   1.1245770e+01   3.4110379e+00   1.0397418e+01   3.7111386e+00   4.6499105e+00   7.3310174e+00   4.1085871e+00  -1.8218480e+00   5.0510214e+00  -7.2461334e+00  -6.4271418e+00  -8.1275940e+00  -9.7375899e+00  -2.2718431e+01  -1.5686292e+01  -3.8761595e+00  -5.9371728e+00  -2.1800463e+01  -2.0456899e+01  -1.9617063e+01  -2.2356357e+01  -1.8741586e+01  -2.1209429e+01  -1.9531279e+01  -2.1474827e+01  -2.1969947e+01
   1.8837733e+01   1.7953142e+01   1.6970563e+01   1.5881658e+01   1.4678918e+01   1.3356439e+01   1.1910824e+01   1.0346878e+01   6.3022756e+00   8.5596731e+00   9.1938635e+00   1.2873658e+00   4.8523828e-01   2.4110974e+00   1.4214310e+00  -4.9718699e+00  -6.8601175e+00  -1.2266394e+01  -1.0342720e+01  -1.5475157e+01  -1.3409621e+01  -9.8134591e+00  -1.3783095e+01  -1.9999667e+01  -2.0334836e+01  -2.0231000e+01  -1.8792200e+01  -1.7996877e+01  -1.8562446e+01  -2.1566858e+01  -2.2086304e+01  -2.2554038e+01
   1.9604038e+01   1.8740419e+01   1.7772057e+01   1.6688189e+01   1.5478549e+01   1.4134285e+01   1.2649111e+01   1.1020682e+01   9.2204726e+00   8.6435522e+00   6.2303799e+00   5.8404155e+00   1.0518738e+00   3.9943562e+00   2.5863715e+00  -1.9361575e+00  -7.3532753e+00  -1.5682692e+01  -1.4415881e+01  -1.2649521e+01  -1.4678305e+01  -1.3022990e+01  -2.2663186e+01  -1.6710660e+01  -2.1615581e+01  -1.8990539e+01  -2.1019718e+01  -2.0973827e+01  -2.1671065e+01  -2.2217058e+01  -2.2705025e+01  -2.3141937e+01
   2.0403879e+01   1.9570039e+01   1.8625323e+01   1.7556130e+01   1.6348799e+01   1.4990634e+01   1.3471322e+01   1.1784844e+01   1.1475641e+01   8.7530149e+00   1.1563780e+01   5.6974419e+00   2.8461166e+00  -9.1081415e-01   2.4365368e+00  -7.2635040e+00  -6.8612494e+00  -9.9315292e+00  -1.1784927e+01  -1.4822518e+01  -1.7469427e+01  -1.9370666e+01  -2.0469972e+01  -1.9884533e+01  -2.0534981e+01  -1.7651229e+01  -1.8628315e+01  -2.1789937e+01  -2.2365044e+01  -2.2874511e+01  -2.3326855e+01  -2.3729391e+01
   2.1233351e+01   2.0439398e+01   1.9529603e+01   1.8487162e+01   1.7294347e+01   1.5933572e+01   1.4389038e+01   1.2649111e+01   1.0709502e+01   1.1628720e+01   1.0504597e+01   8.9118526e+00   3.0676502e+00  -2.1434577e-01   1.6191085e-01  -6.2682510e+00  -8.5758473e+00  -1.0709239e+01  -1.0940582e+01  -1.9191992e+01  -2.0671943e+01  -1.3872667e+01  -1.7486280e+01  -1.9088156e+01  -2.2012868e+01  -2.2272802e+01  -2.1926901e+01  -2.2533830e+01  -2.3066025e+01  -2.3533936e+01  -2.3946498e+01  -2.4311331e+01
   2.2086274e+01   2.1343467e+01   2.0481714e+01   1.9480777e+01   1.8318264e+01   1.6970563e+01   1.5414598e+01   1.3630666e+01   1.0343585e+01   6.8631883e+00   1.3470709e+01   2.5091801e+00   1.2830972e+00   1.2428647e+00   8.5604948e-01  -6.2417883e+00  -9.3440935e+00  -1.0815452e+01  -1.4780191e+01  -1.7367528e+01  -1.8623875e+01  -1.6342339e+01  -1.9366469e+01  -2.0481558e+01  -1.9475872e+01  -2.2086274e+01  -2.2728030e+01  -2.3283974e+01  -2.3767178e+01  -2.4188647e+01  -2.4557625e+01  -2.4881844e+01
   2.2953630e+01   2.2274005e+01   2.1475020e+01   2.0533043e+01   1.9420646e+01   1.8107149e+01   1.6560174e+01   1.4748833e+01   1.2648995e+01   8.9065022e+00   8.0442938e+00   9.3970528e+00   2.1910936e+00   9.2338096e-01   1.9931874e+00  -7.6912656e+00  -1.9048137e+01  -1.1003909e+01  -2.0809174e+01  -1.5236172e+01  -2.2180337e+01  -2.0211730e+01  -2.0532999e+01  -2.0501528e+01  -1.7674788e+01  -2.2953485e+01  -2.3533936e+01  -2.4031453e+01  -2.4459925e+01  -2.4830637e+01  -2.5152857e+01  -2.5434197e+01
   2.3823040e+01   2.3218706e+01   2.2498207e+01   2.1634956e+01   2.0596606e+01   1.9344776e+01   1.7835853e+01   1.6023855e+01   1.3866609e+01   9.6297206e+00   9.4457475e+00   7.1441190e+00   2.5961099e+00   2.2096079e+00  -5.3398252e+00   4.4890308e+00  -1.8665163e+01  -1.7906675e+01  -1.7442219e+01  -1.9510627e+01  -1.7030334e+01  -2.0596536e+01  -2.1123391e+01  -1.8690148e+01  -2.3218394e+01  -2.3823030e+01  -2.4332719e+01  -2.4765077e+01  -2.5133988e+01  -2.5450586e+01  -2.5723823e+01  -2.5960907e+01
   2.5297542e+01   2.4160415e+01   2.3533937e+01   2.2770493e+01   2.1833485e+01   2.0677365e+01   1.9246063e+01   1.7474632e+01   1.5294926e+01   1.2648190e+01   1.9550954e+00   1.0386512e+01   3.7644431e+00  -8.0761809e-01  -2.7298100e+00  -1.0125038e+01  -1.2988529e+01  -1.6884297e+01  -1.8574355e+01  -1.9535747e+01  -1.8291613e+01  -2.2033973e+01  -2.2770402e+01  -2.3533797e+01  -2.4160382e+01  -2.4678197e+01  -2.5109490e+01  -2.5471447e+01  -2.5777453e+01  -2.6037985e+01  -2.6261287e+01  -2.6453882e+01
   2.5498932e+01   2.5076407e+01   2.4557688e+01   2.5296762e+01   2.3107528e+01   2.2086372e+01   2.0783381e+01   1.9112379e+01   1.6970074e+01   9.7576901e-01   1.0342140e+01   1.1776319e+01   4.1697502e+00  -1.8370992e+00  -3.4205516e+00  -1.5548364e+01  -1.6537814e+01  -1.6792726e+01  -1.8751637e+01  -2.0961520e+01  -2.2085947e+01  -2.0976457e+01  -2.3913955e+01  -2.4557625e+01  -2.5076406e+01  -2.5498923e+01  -2.5846494e+01  -2.6135143e+01  -2.6377009e+01  -2.6581372e+01  -2.6755392e+01  -2.6904638e+01
   2.6261274e+01   2.5938658e+01   2.5536753e+01   2.5029419e+01   2.6306931e+01   2.4741607e+01   2.2418923e+01   2.0928667e+01   1.8919258e+01   4.2002690e+00   1.2646971e+01   5.4671861e+00   3.5931833e+00   1.4140563e+00  -9.0875316e+00  -9.3275130e+00  -1.5206878e+01  -1.8007504e+01  -2.0048304e+01  -2.2418445e+01  -1.9511616e+01  -2.4378961e+01  -2.5029266e+01  -2.5536752e+01  -2.5938658e+01  -2.6261286e+01  -2.6523518e+01  -2.6739186e+01  -2.6918385e+01  -2.7068738e+01  -2.7196004e+01  -2.7304596e+01
   2.6938614e+01   2.6714404e+01   2.6431305e+01   2.6067786e+01   2.5592203e+01   2.4499918e+01   2.5290237e+01   2.2874075e+01   2.1139787e+01   1.8623217e+01   5.8779838e+00   1.1105802e+00   4.2883317e+00   9.6028487e-01  -7.1480026e+00  -1.4456734e+01  -1.7512146e+01  -2.2093745e+01  -2.2161215e+01  -2.0932713e+01  -2.4956546e+01  -2.5592138e+01  -2.6067857e+01  -2.6431371e+01  -2.6714418e+01  -2.6939319e+01  -2.6692474e+01  -2.7266106e+01  -2.7387023e+01  -2.7488072e+01  -2.7573162e+01  -2.7645444e+01
   2.7503261e+01   2.7368349e+01   2.7196004e+01   2.6971391e+01   2.6671688e+01   2.2576830e+01   2.5680472e+01  -7.9581430e+00   2.2072259e+01   2.3803745e+01   1.8106538e+01   8.1712713e+00   3.0867146e+00  -1.2227664e+00  -9.0396310e+00  -1.4020874e+01  -2.1281190e+01  -1.9767156e+01  -2.5613681e+01  -2.5681262e+01  -2.7402259e+01  -2.6672009e+01  -2.7913060e+01  -2.8031424e+01  -2.7368983e+01  -2.8268437e+01  -2.7611401e+01  -1.6684263e+01  -2.7769224e+01  -2.7828171e+01  -2.7877609e+01  -2.7919557e+01
   2.7929036e+01   2.7865997e+01   2.7784730e+01   2.7677568e+01   2.7532394e+01   2.7329085e+01   2.3828212e+01   2.7698479e+01   2.5846982e+01   2.6888623e+01   1.8718411e+01   1.0086928e+01   6.4611301e+00  -3.3537362e+00  -1.1817093e+01  -1.7988753e+01  -2.3977937e+01  -2.7460221e+01  -2.6524023e+01  -2.8278465e+01  -2.8283664e+01  -2.8284187e+01  -2.8156217e+01  -2.8261083e+01  -2.8057465e+01  -2.8265692e+01  -2.8176496e+01  -2.7858459e+01  -2.7878521e+01  -2.5096754e+01  -2.8101498e+01  -2.8120422e+01
   2.8194193e+01   2.8177939e+01   2.8156864e+01   2.8128862e+01   2.8090541e+01   2.8036205e+01   2.8080134e+01   2.8283043e+01   2.8203997e+01   2.7564859e+01   2.6123096e+01   1.8991285e+01  -1.3684887e+01   1.2372846e+00  -9.5972106e+00  -2.2166402e+01  -2.7803949e+01  -2.7134444e+01  -2.8118352e+01  -2.8277194e+01  -2.8107593e+01  -2.8282062e+01  -2.8269448e+01  -2.7938152e+01  -2.8262750e+01  -2.8012607e+01  -2.8070090e+01  -2.8171802e+01  -2.7320661e+01  -1.2455735e+01  -2.5798517e+01  -2.8243073e+01
   2.8284271e+01   2.8284271e+01   2.8284271e+01   2.8284271e+01   2.8284271e+01   2.8284271e+01   2.2593338e+01   2.7001541e+01   2.8284271e+01   2.7914147e+01   2.4987780e+01   2.6325303e+01   1.6118355e+01  -2.9984929e-01  -1.1372305e+01  -2.7900739e+01  -2.7443294e+01  -2.8284271e+01  -2.8284271e+01  -2.8284271e+01  -2.8284271e+01  -2.8284271e+01  -2.8284271e+01  -2.7734311e+01  -2.8284271e+01  -2.8284271e+01  -2.8234765e+01  -2.7302603e+01  -2.7849425e+01  -2.5371209e+01  -2.1626803e+01  -2.8284271e+01
   2.8194193e+01   2.8177939e+01   2.8156864e+01   2.8128862e+01   2.8090447e+01   1.9293987e+01   1.8292599e+01   2.7827824e+01   2.7610980e+01   2.7196065e+01   2.6317737e+01   2.3534137e+01  -2.7471460e+01   4.0454753e+00   3.9771727e+00  -2.6261864e+01  -2.7195876e+01  -1.9040036e+01  -2.7827913e+01  -2.7955373e+01  -2.8036159e+01  -2.8090541e+01  -2.8128862e+01  -2.8156840e+01  -2.8177939e+01  -2.8194226e+01  -2.8206986e+01  -2.8217223e+01  -2.8225548e+01  -2.6119692e+01  -1.8452944e+01  -1.6653797e+01
   2.7929052e+01   2.7866015e+01   2.7784753e+01   2.7677594e+01   2.7532425e+01   2.7329071e+01   2.7033305e+01   2.6581435e+01   2.5846584e+01   2.4557746e+01   2.2086472e+01   1.6970766e+01   6.8594533e+00  -6.8599473e+00  -1.6970929e+01  -2.2086475e+01  -2.4557740e+01  -2.5846271e+01  -2.6581436e+01  -2.7033565e+01  -2.7329292e+01  -2.7532428e+01  -2.7677594e+01  -2.7784753e+01  -2.7866015e+01  -2.7929055e+01  -2.7978913e+01  -2.8019009e+01  -2.8051724e+01  -2.8078709e+01  -2.8101247e+01  -2.8120318e+01
