  -1.1534487e+00  -1.2024417e+00  -1.2557805e+00  -1.3140656e+00  -1.3780178e+00  -1.4496316e+00  -2.5598732e+01  -2.0301610e+01  -1.7303338e+01  -2.8082495e+01  -5.3691482e+00  -1.1247097e+01  -1.6068144e+01  -1.3473956e+01  -1.6339326e+01   0.0000000e+00   0.0000000e+00   0.0000000e+00   0.0000000e+00   0.0000000e+00   0.0000000e+00   0.0000000e+00  -1.0502826e+01   2.4040133e+01   2.1233399e+01  -1.3696270e+01   1.8234555e+01  -9.3122906e+00   2.6572458e+00   2.2674262e+01  -2.8529033e+00   1.3497521e+01
   5.2107027e-09   5.8790224e-09   6.1396657e-09   6.4225782e-09   2.0541526e-09  -1.7366463e-05  -1.4858605e-03  -8.3765983e+00  -2.8274248e+01  -1.0653052e+01   3.5737213e+00   4.6399892e+00   2.7271039e+00   1.6152713e+00  -1.3320192e+01   0.0000000e+00   0.0000000e+00   0.0000000e+00   0.0000000e+00   0.0000000e+00   0.0000000e+00   0.0000000e+00   1.6251308e-03   2.7239018e+01   2.3596985e+01   2.3721083e+01   2.4166379e+01  -1.9988307e+01   1.5934341e+01   6.4218834e+00  -2.5751535e+01   1.9631957e+01
   1.1535017e+00   1.2024978e+00   1.2558390e+00   1.3141268e+00   1.3780819e+00   1.4485719e+00   1.5266448e+00   1.6131955e+00   1.7089663e+00   1.1958754e+01   1.9466406e+00   2.0896221e+00   2.2553286e+00  -5.2543252e+00  -5.5713775e+00  -2.1763731e+00  -7.0772798e+00  -2.5134761e+00  -4.8386572e+00  -2.0057518e+00   2.9244980e+00   8.7361892e+00   2.1081885e+01   2.0701177e+01   2.0403716e+01   2.1536508e+01   2.0283508e+01   5.4137711e+00   8.3867100e+00   5.5990777e+00   5.0580956e+00   4.3012405e+00
   2.3012694e+00   2.3985014e+00   2.5042834e+00   2.6197845e+00   2.7464017e+00   2.8858121e+00   3.0400455e+00   3.2103207e+00  -2.8219450e+01   3.6188060e+00   3.8647025e+00   4.1453926e+00   4.4690100e+00   1.2640410e+01   5.2925077e+00   8.9444251e+00   6.9141547e+00   3.8093018e+00  -6.6243405e+00   3.2734336e+00   8.6518826e+00   1.6128827e+01   1.8601895e+01   1.9915284e+01   2.3091191e+01   2.7503970e+01   1.0688052e+01   1.7669968e+01   2.3036347e+01  -6.8887309e-01  -6.4469506e+00  -3.0746515e+00
   3.4377102e+00   3.5816906e+00   3.7381545e+00   3.9087741e+00   4.0955393e+00   4.3008267e+00   4.5274961e+00   4.7789786e+00   5.0571714e+00   5.3746018e+00   5.7315101e+00   1.4024500e+01   6.6011597e+00   7.1399293e+00   7.7714640e+00   2.8234377e+01   9.4148021e+00   1.0504117e+01   8.7825554e+00   1.3139722e+01   1.6747036e+01   1.9253848e+01   2.0356658e+01   2.0625694e+01   2.4814665e+01   2.7760511e+01   2.5297990e+01   2.1728576e+01   1.8408459e+01   2.8149706e+01   1.3544290e+01   1.1852364e+01
   4.5575065e+00   4.7460823e+00   4.9506903e+00   5.1734171e+00   5.4167310e+00   5.6835587e+00   5.9773940e+00   6.3011750e+00  -2.6917387e+01   7.0674381e+00   1.9592805e+01   8.0361856e+00   8.6202799e+00   9.2919512e+00   1.0069911e+01   9.5158291e+00   1.1246975e+01   1.0984511e+01   1.6275650e+01   1.8748350e+01   1.7627690e+01   2.0986650e+01   2.1924213e+01   2.2458590e+01   2.2636421e+01   2.8019124e+01   2.6483382e+01   2.3985013e+01   2.1286105e+01   1.8792522e+01   1.6636032e+01   1.4823784e+01
   5.6557332e+00   5.8861731e+00   6.1357199e+00   6.4067691e+00   6.7021329e+00   7.0251158e+00   7.3796216e+00   7.7702681e+00   8.2019410e+00   1.8004350e+01   9.2214447e+00   9.8235139e+00   8.6574191e+00   1.0673710e+01   2.7482023e+01   1.1055157e+01   1.7570861e+01   1.7362403e+01   1.7205602e+01   1.6779647e+01   1.8834593e+01   2.0372582e+01   2.1652571e+01   2.0241881e+01   2.5264618e+01   2.8143940e+01   2.7091418e+01   2.5298221e+01   2.3171884e+01   2.8282925e+01   1.9026658e+01   1.7245296e+01
   6.7279551e+00   6.9970548e+00   7.2878003e+00   7.6027829e+00   7.9450165e+00   8.3180039e+00   8.7258306e+00   9.1732784e+00   9.6660038e+00   9.5142893e+00   1.0814338e+01   1.2647744e+01   1.2648768e+01   2.4599192e+01   1.2053156e+01   1.5428711e+01   1.7931663e+01   1.7396652e+01   1.7651861e+01   2.0225474e+01   2.0227339e+01   2.1666031e+01   2.0441713e+01   1.1510110e+01   2.8186458e+01   2.8186571e+01   2.7439773e+01   2.6108558e+01   2.4431772e+01   2.8283868e+01   2.0850394e+01   1.9184727e+01
   7.7655517e+00   8.0744155e+00   8.4018872e+00   8.7563966e+00   9.1391130e+00   9.5562461e+00   1.0009588e+01   1.0505089e+01   1.2647030e+01   1.1641239e+01   7.0737827e+00   1.1986844e+01   1.2407300e+01   1.7936926e+01   1.4619356e+01   1.6932226e+01   1.6338364e+01   1.8285299e+01   1.8661615e+01   1.9603612e+01   2.1037559e+01   2.0684178e+01   2.5171109e+01   2.7656189e+01   2.8212391e+01   2.8212392e+01   2.7656429e+01   2.6636484e+01   2.5299002e+01   2.8008065e+01   2.2242109e+01   2.0726598e+01
  -2.7389544e+01   9.1099856e+00  -2.9056136e-01   9.8625063e+00  -8.8938138e+00   1.0734229e+01   1.1226835e+01   2.1648084e+01   6.3396450e+00   1.2971950e+01   1.3445902e+01   1.4419159e+01   1.7484521e+01   1.7397045e+01   1.6135805e+01   1.8946286e+01   1.9230854e+01   1.9331327e+01   2.0058075e+01   1.9580899e+01   2.3853472e+01   2.4559566e+01   1.9303832e+01   2.7800050e+01   2.8229190e+01   2.8229190e+01   2.7799823e+01   2.6996771e+01   2.5913136e+01   2.8269849e+01   2.6430707e+01   2.1952066e+01
   9.7488622e+00   1.0329061e+01   1.0504136e+01   1.0921615e+01   1.1368715e+01  -1.4128134e-01   1.2373110e+01   9.3777619e+00   1.4384293e+01   1.0509125e+01   1.5636796e+01   9.2285865e+00   2.0184322e+01   1.7883458e+01   1.9832791e+01   1.9087511e+01   1.9706575e+01   1.9481925e+01   1.9740664e+01   2.1849200e+01   2.3986406e+01   2.5316472e+01   2.7252685e+01   2.7899437e+01   2.8240723e+01   2.8240723e+01   2.7899433e+01   2.7252402e+01   2.6361755e+01   2.8166927e+01   2.4136020e+01   2.2929528e+01
   1.9507632e+01   2.6682805e+01   1.1488447e+01   1.1928220e+01   1.1144433e+01   1.2906568e+01   2.0777498e+01   1.8620564e+01   1.3737755e+01   1.7671922e+01   1.7834241e+01   1.8794403e+01   2.1499339e+01   1.9301877e+01   1.8721422e+01   1.8769071e+01   2.0112588e+01   2.0285855e+01   2.3541820e+01   2.4460128e+01   2.4697069e+01   2.3826862e+01   2.7439702e+01   2.7971344e+01   2.8248982e+01   2.8248982e+01   2.7971344e+01   2.7439774e+01   2.6696600e+01   2.7726703e+01   2.4783403e+01   2.3714814e+01
   1.1585144e+01   1.1991840e+01   1.2422685e+01   1.1340216e+01   1.3373344e+01   1.7311754e+01   2.6186604e+01   1.4554143e+01   2.0488375e+01   2.0230953e+01   2.0674231e+01   2.0879702e+01   1.8797091e+01   2.0127993e+01   1.8998408e+01   2.1214519e+01   1.9744223e+01   2.2583545e+01   2.4902766e+01   2.4734335e+01   2.6178244e+01   2.4906217e+01   2.7580869e+01   2.8024909e+01   2.8255097e+01   2.8255097e+01   2.8024909e+01   2.7580922e+01   2.6952816e+01   2.6178753e+01   2.3430969e+01   2.4350638e+01
   5.9402501e+00   1.0037025e+01   1.3310126e+01   1.3785047e+01   1.4288861e+01   1.4824681e+01   1.7244060e+01   2.1617089e+01   2.1617333e+01   1.8758101e+01   1.9850766e+01   1.9678660e+01   1.9955604e+01   1.8986636e+01   1.9817605e+01   1.8392102e+01   2.4135655e+01   2.4011877e+01   2.3986075e+01   2.5712155e+01   2.5997942e+01   2.7152818e+01   2.7689747e+01   2.8065857e+01   2.8259751e+01   2.8259751e+01   2.8065857e+01   2.7689748e+01   2.7152991e+01   2.8104708e+01   2.5712522e+01   2.4870174e+01
   1.3257030e+01   1.3691197e+01   1.4150303e+01   2.0868795e+01   1.9566260e+01   2.7282014e+01   1.6263371e+01   2.2948354e+01   2.2197901e+01   2.3533747e+01   2.0080326e+01   2.0087294e+01   1.9466017e+01   2.0735175e+01   1.8719208e+01   1.7740711e+01   2.3211939e+01   2.4499376e+01   2.4354441e+01   2.6048858e+01   2.6728223e+01   2.7311738e+01   2.7775337e+01   2.8097848e+01   2.8263374e+01   2.8263374e+01   2.8097848e+01   2.7775337e+01   2.7311863e+01   2.8256595e+01   2.8259478e+01   2.5298498e+01
   1.4032948e+01   1.4476036e+01   1.4942977e+01   2.2141814e+01   1.5951810e+01   1.6497134e+01   2.3692047e+01   2.1283138e+01   2.0458079e+01   2.1136397e+01   2.1197738e+01   1.8094513e+01   1.9909668e+01   1.8545724e+01   2.1914999e+01   2.2931247e+01   2.5185376e+01   2.5118781e+01   2.5118444e+01   2.6445526e+01   2.6927438e+01   2.7439774e+01   2.7843817e+01   2.8123310e+01   2.8266250e+01   2.8266250e+01   2.8123310e+01   2.7843817e+01   2.7439777e+01   2.6927894e+01   2.8220530e+01   2.5654338e+01
   1.4768761e+01   1.5217941e+01   1.5689296e+01   1.6184070e+01   1.6702661e+01   2.6206081e+01   2.0226106e+01   2.3397051e+01   2.0292574e+01   1.9295477e+01   2.1213035e+01   1.9387993e+01   2.0455974e+01   2.3670273e+01   2.3171442e+01   2.4691416e+01   2.4931802e+01   2.5298135e+01   2.5952323e+01   2.5577276e+01   2.7091386e+01   2.7544389e+01   2.7899433e+01   2.8143902e+01   2.8268571e+01   2.8268571e+01   2.8143902e+01   2.7899433e+01   2.7544507e+01   2.8123762e+01  -3.4764045e+00   2.5951906e+01
   1.5465546e+01   1.5918133e+01   1.6391408e+01   1.6886015e+01   1.7402871e+01   2.5011656e+01   2.2471199e+01   2.6277375e+01   2.2604333e+01   1.9936183e+01   2.0008970e+01   1.7284643e+01   2.6829289e+01   2.4903388e+01   2.3647198e+01   2.4320509e+01   2.6444119e+01   2.2859655e+01   2.6204398e+01   2.6748020e+01   2.7227880e+01   2.7630905e+01   2.7945200e+01   2.8160789e+01   2.8270471e+01   2.8270471e+01   2.8160789e+01   2.7945200e+01   2.7631141e+01   2.8242265e+01   2.6748416e+01   2.6204454e+01
   1.6124361e+01   1.6577971e+01   1.7050695e+01   1.7542912e+01   1.8055444e+01   2.7478710e+01   1.9484612e+01   2.3561978e+01   2.1569785e+01   1.9858317e+01   1.7380638e+01   2.2149399e+01   2.2787650e+01   2.3427657e+01   2.5922109e+01   2.5244017e+01   2.3056442e+01   2.5877669e+01   2.7438817e+01   2.6910962e+01   2.7342553e+01   2.7703229e+01   2.7983302e+01   2.8174807e+01   2.8272045e+01   2.8272045e+01   2.8174807e+01   2.7983302e+01   2.7703233e+01   2.7343104e+01   2.7548307e+01   2.6419230e+01
   1.6746471e+01   1.7199011e+01   1.7669044e+01   1.8156711e+01   1.8662502e+01   2.7381800e+01   2.6803445e+01   2.2648850e+01   1.8874145e+01   1.8978586e+01   2.2026219e+01   2.2627599e+01   2.5882102e+01   2.5107316e+01   2.4979546e+01   2.5014227e+01   2.5575930e+01   2.6108558e+01   2.6602933e+01   2.7049708e+01   2.7439774e+01   2.7764276e+01   2.8015352e+01   2.8186571e+01   2.8273365e+01   2.8273365e+01   2.8186571e+01   2.8015352e+01   2.7764309e+01   2.8117146e+01   2.3261209e+01   2.6602774e+01
   1.7333287e+01   1.7782948e+01   1.8248469e+01   1.8729782e+01   1.9227260e+01   2.7692474e+01   2.5353394e+01   2.1932285e+01   1.2480396e+01   7.3057716e+00   2.2484200e+01   2.3888492e+01   2.3629514e+01   1.6827420e+01   2.4755443e+01   2.5298223e+01   2.5818399e+01   2.6308766e+01   2.6739452e+01   2.7168863e+01   2.7522867e+01   2.7816257e+01   2.8042562e+01   2.8196538e+01   2.8274483e+01   2.8274483e+01   2.8196538e+01   2.8042562e+01   2.7816257e+01   2.7522906e+01   2.7168759e+01   2.6761605e+01
   1.7886328e+01   1.8331563e+01   1.8791047e+01   1.9264529e+01   1.9751596e+01   2.0252612e+01   2.4115640e+01   2.0756463e+01   2.1817425e+01   2.2355856e+01   2.2953134e+01   9.2031317e+00   1.7756387e+01   2.7453183e+01   2.6527606e+01   2.5548623e+01   2.6030889e+01   2.6483645e+01   2.7002433e+01   2.7272046e+01   2.7594411e+01   2.7860869e+01   2.8065857e+01   2.8205056e+01   2.8275437e+01   2.8275437e+01   2.8205056e+01   2.8065857e+01   2.7860869e+01   2.7594418e+01   2.7385972e+01   2.7439267e+01
   1.8407180e+01   1.8846686e+01   1.9298874e+01   1.9763338e+01   2.0239805e+01   2.6113476e+01   2.6593517e+01   2.1728871e+01   2.2240441e+01   2.2756792e+01   2.3275035e+01   2.3791714e+01   2.4305241e+01   2.8110056e+01   2.6454154e+01   2.5770420e+01   2.6218015e+01   2.6636488e+01   2.7019786e+01   2.7361421e+01   2.7656429e+01   2.7899433e+01   2.8085950e+01   2.8212392e+01   2.8276258e+01   2.8276258e+01   2.8212392e+01   2.8085950e+01   2.7899433e+01   2.7656607e+01   2.5170541e+01   2.7019851e+01
   1.8897437e+01   1.9330136e+01   1.9774012e+01   2.0228528e+01   2.0692983e+01   2.1166730e+01   2.1648008e+01   2.2135288e+01   2.2627400e+01   2.3121879e+01   2.3616170e+01   2.4107314e+01   2.4591938e+01   2.5066524e+01   2.5526422e+01   2.5966722e+01   2.6383508e+01   2.6771345e+01   2.7125113e+01   2.7439770e+01   2.7710521e+01   2.7932988e+01   2.8103400e+01   2.8218756e+01   2.8276969e+01   2.8276969e+01   2.8218756e+01   2.8103400e+01   2.7932988e+01   2.7710523e+01   2.7439974e+01   2.7125132e+01
