  -2.1692130e+00  -2.3487727e+00  -2.5606200e+00  -2.8142615e+00  -3.1223686e+00   2.4402272e+01  -3.9979496e+00  -8.3845956e+00  -5.5446444e+00   2.6097586e+01   1.1490305e+01   4.0219563e+00   1.6465569e+01   9.5493419e+00   6.1282839e+00   0.0000000e+00   0.0000000e+00   0.0000000e+00   0.0000000e+00   0.0000000e+00   0.0000000e+00   0.0000000e+00  -3.1233180e+00  -2.8142349e+00   3.9335490e+00  -3.7283956e-01  -2.1692873e+00   1.4759076e+00  -1.0852217e+00   7.5203098e+00   4.9987859e+00  -3.7700455e+00
   9.7710041e-09   1.1406302e-08   1.2417424e-08   2.9163609e-08   5.7702289e-05   4.7920084e-03   2.5668935e+01  -1.2100748e+00   2.8131989e+01   4.3814147e-03   2.3421274e+01   2.5352550e+01   2.0564944e+01   0.0000000e+00   2.0131931e+01   0.0000000e+00   0.0000000e+00   0.0000000e+00   0.0000000e+00   0.0000000e+00   0.0000000e+00   0.0000000e+00  -2.9499477e-04  -2.9884573e-04   8.6105250e-05   9.6786836e-05   8.1432289e+00  -8.1636249e+00  -5.5314152e+00  -5.1233041e+00   2.6465580e+00   9.3163761e+00
   2.1693118e+00   2.3488809e+00   2.5607376e+00   2.8143904e+00   3.1260249e+00   2.5625250e+01   4.0048083e+00   4.6513723e+00   2.7709487e+01   2.2579064e+01   2.2532666e+01   2.6781153e+01   2.6585682e+01   2.7613105e+01   2.6550455e+01   2.5082362e+01   1.6120739e+01   5.5481628e+00   7.1360303e+00   1.2405500e-01  -4.3826183e-01   2.3350617e+00  -1.1533539e+00  -3.7004225e+00  -8.5732593e-01  -5.3754600e+00  -4.0593404e+00   2.6075381e-01  -2.5376402e+00  -8.9334288e+00  -9.5015144e+00  -3.9083136e+00
   4.3008408e+00   4.6499056e+00   5.0596443e+00   5.5470021e+00   6.1366631e+00   2.7501931e+01   2.7794605e+01   8.9450364e+00   1.6225899e+00   2.7903135e+01   2.3931100e+01   2.5132014e+01   2.6725702e+01   2.6082691e+01   2.7852967e+01   2.0000908e+01   2.1512080e+01   1.2554305e+01   4.8173830e+00  -7.8874219e+00  -8.5958070e-01   1.8912372e+00   1.5408082e+00  -2.2618917e-01  -6.0456449e-01   4.6492949e+00   3.7043859e+00  -2.5785737e+00   3.7377232e+00   4.7447902e+00   3.3043323e+00   3.1232308e+00
   6.3600076e+00   6.8599435e+00   7.4420842e+00   8.1274257e+00   8.9443015e+00   9.9331590e+00   1.1142885e+01   1.2650014e+01   2.4878845e+01   2.6971998e+01   2.4684772e+01   2.7264077e+01   2.5455720e+01   2.8275314e+01   2.6708463e+01   1.9115057e+01   2.4470822e+01   2.0963951e+01   1.4552280e+01   1.2648466e+01   1.1141358e+01   9.9310423e+00   8.9431096e+00   8.1271613e+00   7.4418367e+00   6.8599391e+00   6.3599563e+00   5.9260916e+00   5.5476278e+00   2.4595437e+01   4.9160078e+00   4.6499168e+00
   8.3180296e+00   8.9442720e+00   9.6659536e+00   1.0504515e+01   1.1488259e+01   2.7830102e+01   1.4034522e+01   2.2739825e+01   2.7664753e+01   2.6552264e+01   2.5998727e+01   2.6123941e+01   2.8278727e+01   2.6203713e+01   2.8209576e+01   2.1213943e+01   2.0635594e+01   2.0000191e+01   2.0907466e+01   1.5689566e+01   1.4032930e+01   1.2649111e+01   1.1487331e+01   1.0504515e+01   9.6659536e+00   8.9442720e+00   8.3180040e+00   7.7702869e+00   7.2878203e+00   6.8611863e+00   6.4782302e+00   6.1357344e+00
   1.0153492e+01   1.0878566e+01   1.1704115e+01   1.2649111e+01   1.3736884e+01   2.7835850e+01   2.1886461e+01   2.6371813e+01   2.6978848e+01   2.7088316e+01   2.4976594e+01   2.5926979e+01   2.6597857e+01   2.8217336e+01   2.8271509e+01   2.5722518e+01   2.1373618e+01   2.1581128e+01   1.8858666e+01   2.0293122e+01   1.6440068e+01   1.4990635e+01   1.3736057e+01   1.2649111e+01   1.1704115e+01   1.0878566e+01   1.0153462e+01   9.5130299e+00   8.9448896e+00   2.4520711e+01   7.9814732e+00   7.5701291e+00
   1.1852788e+01   1.2649111e+01   1.3543984e+01   1.4552140e+01   1.5689778e+01   2.3383683e+01   1.8407921e+01   2.3138425e+01   2.7964729e+01   2.6221236e+01   2.1128506e+01   2.7672015e+01   2.8278153e+01   2.8284271e+01   2.7899531e+01   2.6832633e+01   2.0893146e+01   1.7917471e+01   2.0482643e+01   1.7368144e+01   1.9663885e+01   1.6970723e+01   1.5689293e+01   1.4552138e+01   1.3543984e+01   1.2649111e+01   1.1852755e+01   1.1141720e+01   1.0504542e+01   9.9330255e+00   9.4136025e+00   8.9442919e+00
   1.3409603e+01   1.4251620e+01   1.5184848e+01   1.6220485e+01   2.0073719e+01   2.0505626e+01   2.0000115e+01   2.1475620e+01   2.6673815e+01   2.7921717e+01   2.6738425e+01   2.6762035e+01   2.5813429e+01   2.8284271e+01   2.8144679e+01   2.5811690e+01   2.5996988e+01   1.9846691e+01   2.0003226e+01   2.0971059e+01   1.8109644e+01   2.0628452e+01   1.7365021e+01   1.6219966e+01   1.5185132e+01   1.4251625e+01   1.3409568e+01   1.2649111e+01   1.1962068e+01   2.3670458e+01   1.0770335e+01   1.0251551e+01
   1.4823749e+01   1.5688930e+01   9.9399815e+00   2.4672259e+01   2.5293735e+01   2.7365985e+01   2.1287439e+01   2.6349941e+01   2.5806785e+01   2.7598588e+01   2.5821812e+01   2.6452942e+01   2.8276280e+01   2.8284271e+01   2.8271437e+01   2.7439763e+01   2.5997939e+01   2.5297814e+01   1.8982641e+01   1.9116359e+01   2.2895132e+01   2.0000272e+01   1.9999766e+01   1.7669116e+01   1.6636008e+01   1.5689291e+01   1.4823714e+01   1.4032928e+01   1.3310652e+01   2.1058458e+01   1.2043771e+01   1.1487477e+01
   1.6099884e+01   1.5297004e+01   1.9997399e+01   1.8922006e+01   2.4761520e+01   2.7491779e+01   2.2327262e+01   2.3534558e+01   2.6698182e+01   2.6567381e+01   2.5306346e+01   2.6004719e+01   2.8280745e+01   2.8284271e+01   2.8111259e+01   2.7610738e+01   2.6832741e+01   2.3987472e+01   2.5297099e+01   1.8020792e+01   2.0929897e+01   2.2144302e+01   2.0000162e+01   1.9203889e+01   1.7910771e+01   1.6970564e+01   1.6099689e+01   1.5294934e+01   1.4552144e+01   1.3867071e+01   1.3233989e+01   1.5243585e+01
   2.1801546e+01   1.7556580e+01   1.9026229e+01   2.2084045e+01   2.1023904e+01   2.2088333e+01   2.3534006e+01   2.8201451e+01   2.7834990e+01   2.6780194e+01   2.6748560e+01   2.7101329e+01   2.8197672e+01   2.7736182e+01  -2.7871618e+01   2.7734893e+01   2.7091418e+01   2.6261149e+01   2.3083569e+01   2.4253029e+01   1.5263167e+01   1.7357909e+01   2.2044927e+01   2.0000103e+01   2.0813312e+01   1.8107345e+01   1.7245226e+01   1.6439899e+01   1.5689291e+01   1.4990634e+01   1.4340688e+01   1.3735617e+01
   1.6060369e+01   1.0824795e+01   1.9999693e+01   2.0928761e+01   2.1891849e+01   2.7683662e+01   2.6521642e+01   2.7189759e+01   2.5412539e+01   2.6979071e+01   2.1977786e+01   2.7286679e+01   2.8158580e+01   2.7546046e+01  -2.7628946e+01   2.7827933e+01   2.7287642e+01   2.6581371e+01   2.5748970e+01   2.4830465e+01   2.3862089e+01   2.2874306e+01   2.1229431e+01   2.0058295e+01   2.0429665e+01   2.1283720e+01   1.8270366e+01   1.7474636e+01   1.6726290e+01   1.6023855e+01   1.5364952e+01  -7.7932147e+00
   1.9184597e+01   1.9999691e+01   2.0849863e+01   2.1728578e+01   2.2627377e+01   2.3936205e+01   2.6581259e+01   2.6565157e+01   2.7346927e+01   2.6780105e+01   2.5716716e+01   2.7899412e+01   2.8206269e+01   2.7527279e+01   2.8186445e+01   2.7899429e+01   2.7439774e+01   2.6832816e+01   2.6108427e+01   2.0964206e+01   2.4430980e+01   2.3533932e+01   2.2627356e+01   2.0938268e+01   1.7537285e+01   1.9754835e+01   2.3930539e+01   1.8407497e+01   1.7669046e+01   1.6970563e+01   1.6311518e+01   2.5366777e+01
   2.0000035e+01   2.0783380e+01   2.1591822e+01   2.2418553e+01   2.1237015e+01   2.7818243e+01   2.6699632e+01   2.7366040e+01   2.5602207e+01   2.3538949e+01   2.7112703e+01   2.7955407e+01   2.7891457e+01   2.7452974e+01  -2.2614563e+01   2.7955219e+01   2.7559945e+01   2.7033513e+01   2.6398998e+01   2.5680660e+01   1.9513768e+01   2.4088116e+01   2.3255103e+01   2.2418702e+01   2.0174132e+01   1.9160297e+01   2.0685629e+01   2.0972004e+01   1.8524319e+01   1.7835853e+01   1.7181304e+01   1.6561505e+01
   2.0726563e+01   2.1475020e+01   2.2240291e+01   1.9510871e+01   2.3791926e+01   2.4558661e+01   2.7747793e+01   2.6666503e+01   2.2705470e+01   2.6109542e+01   2.5487426e+01   2.7999946e+01   2.8008577e+01  -2.5804249e+01   2.8212283e+01   2.7999998e+01   2.7656429e+01   2.7196004e+01   2.6636484e+01   2.5997345e+01   2.5297869e+01   1.9033547e+01   2.3791624e+01   2.3016059e+01   2.6193187e+01   2.0001847e+01   1.6663553e+01   2.1916045e+01   1.9299225e+01   1.8625327e+01   1.7981288e+01   2.5407920e+01
   2.1374147e+01   2.2086305e+01   2.2808575e+01   2.3533803e+01   2.4253806e+01   2.8149698e+01   2.6872691e+01   2.8107225e+01   2.5811736e+01   2.7329178e+01   2.7734950e+01   2.8036194e+01   2.7960231e+01   2.8049742e+01   2.8221614e+01   2.8036159e+01   2.7735010e+01   2.7329251e+01   2.6832816e+01   2.6261287e+01   2.5630727e+01   2.4956285e+01   1.6359572e+01   2.3533645e+01   2.2808460e+01   2.3402595e+01   2.0447422e+01   2.0677548e+01   2.4713960e+01   1.9345035e+01   1.8713883e+01   2.5816359e+01
   2.1951849e+01   2.2627417e+01   2.3307425e+01   2.3985014e+01   2.4652070e+01   2.7529230e+01   2.6100648e+01   2.6821936e+01   2.4042079e+01   2.7439697e+01   2.7799824e+01   2.8065821e+01   2.7093690e+01   2.7651761e+01   2.8229174e+01   2.8065857e+01   2.7799824e+01   2.7439774e+01   2.6996771e+01   2.6483388e+01   2.5912843e+01   2.5298218e+01   2.4651627e+01   2.3984677e+01   1.2310518e+01   8.4014578e+00   2.4324533e+01   1.8784973e+01   2.4869146e+01   2.0000363e+01   1.9385049e+01   1.8791458e+01
   2.2467861e+01   2.3107341e+01   2.3746630e+01   2.4379181e+01   2.4999828e+01   2.8258166e+01   2.7157952e+01   2.5570314e+01   2.7134830e+01   2.7532394e+01   2.7853885e+01   2.8090526e+01   2.7945949e+01   2.8284271e+01   2.8235507e+01   2.8090541e+01   2.7853885e+01   2.7532395e+01   2.7134954e+01   2.6671794e+01   2.6153846e+01   2.5592138e+01   2.4997297e+01   2.4379176e+01   2.3746281e+01   2.3106907e+01   2.2468010e+01   2.3402685e+01   1.8934541e+01   2.3247149e+01   2.0000137e+01   1.9420672e+01
   2.2929499e+01   2.3533936e+01   2.4134455e+01   2.4724902e+01   2.5298274e+01   2.6212081e+01   2.6930848e+01   2.7211699e+01   2.7252417e+01   2.7610740e+01   2.7899428e+01   2.8111121e+01   2.8240741e+01   2.7752518e+01   2.8240710e+01   2.8111277e+01   2.7899433e+01   2.7610740e+01   2.7252402e+01   2.6832816e+01   2.6361073e+01   2.5846494e+01   2.5298221e+01   2.4724902e+01   2.4134455e+01   2.3533936e+01   2.2929472e+01   2.2326327e+01   2.1728839e+01   2.4343256e+01   2.0563435e+01   2.0000029e+01
   2.3343241e+01   2.3914037e+01   2.4477952e+01   2.5029267e+01   2.5561727e+01   2.8144831e+01   2.7406332e+01   2.6971451e+01   2.7352999e+01   2.7677568e+01   2.7937843e+01  -2.8282360e+01   2.8144250e+01   2.7956915e+01   2.8245167e+01   2.8128862e+01   2.7938156e+01   2.7677568e+01   2.7352999e+01   2.6971391e+01   2.6540351e+01   2.6067785e+01   2.5561566e+01   2.5029267e+01   2.4477952e+01   2.3914037e+01   2.3343214e+01   2.2770594e+01   2.5650987e+01   2.4575722e+01   2.5222613e+01   2.0533295e+01
   2.3714791e+01   2.4253563e+01   2.4783128e+01   2.5298221e+01   2.5793039e+01   2.6261579e+01   2.7491612e+01   2.7091457e+01   2.7439774e+01   2.7735010e+01   2.7971315e+01   2.7544691e+01   2.8248991e+01   2.8085155e+01   2.8248974e+01   2.8143902e+01   2.7971344e+01   2.7735010e+01   2.7439774e+01   2.7091418e+01   2.6696346e+01   2.6261287e+01   2.5793035e+01   2.5298221e+01   2.4783128e+01   2.4253563e+01   2.3714767e+01   2.3171381e+01   2.2627749e+01   2.5109180e+01   2.4026247e+01   2.1023771e+01
   2.4049154e+01   2.4557625e+01   2.5055099e+01   2.5536752e+01   2.5997455e+01   2.7983059e+01   2.8243329e+01   2.7196098e+01   2.7515115e+01   2.7784730e+01   2.8000000e+01   2.8156848e+01   2.8252256e+01   2.8274807e+01   2.8252259e+01   2.8156864e+01   2.8000000e+01   2.7784730e+01   2.7515115e+01   2.7196004e+01   2.6832816e+01   2.6431305e+01   2.5997347e+01   2.5536752e+01   2.5055099e+01   2.4557625e+01   2.4049130e+01   2.3533936e+01   2.3015861e+01   2.2498656e+01   2.6682181e+01   2.3087570e+01
   2.4350689e+01   2.4830625e+01   2.5298211e+01   2.5749043e+01   2.6178415e+01   2.6581462e+01   2.6952910e+01   2.7287639e+01   2.7580919e+01   2.7828042e+01   2.8024908e+01   2.8168113e+01   2.8255097e+01   2.8284271e+01   2.8255097e+01   2.8168113e+01   2.8024908e+01   2.7828042e+01   2.7580919e+01   2.7287638e+01   2.6952806e+01   2.6581366e+01   2.6178413e+01   2.5749043e+01   2.5298211e+01   2.4830625e+01   2.4350666e+01   2.3862336e+01   2.3369223e+01   2.2874499e+01   2.2381202e+01   2.1890902e+01
