   1.5984378e+00  -5.3357053e-01  -2.6565321e+00  -4.7352028e+00  -6.7379223e+00  -8.6387958e+00  -1.0418918e+01  -1.2066598e+01  -1.3576773e+01  -1.4949891e+01  -1.6190583e+01  -1.7306358e+01  -1.8306452e+01  -1.9200928e+01  -2.0000000e+01  -2.0713582e+01  -2.1351001e+01  -2.1920839e+01  -2.2430871e+01  -2.2888061e+01  -2.3298593e+01  -2.3667927e+01  -2.4000864e+01  -2.4301615e+01  -2.4573869e+01  -2.4820851e+01  -2.5045385e+01  -2.5249943e+01  -2.5436690e+01  -2.5607524e+01  -2.5764114e+01  -2.5907926e+01
   1.7284536e+00  -5.7710986e-01  -2.8712407e+00  -5.1095966e+00  -7.2530686e+00  -9.2708120e+00  -1.1141720e+01  -1.2854362e+01  -1.4405770e+01  -1.5799605e+01  -1.7044177e+01  -1.8150657e+01  -1.9131622e+01  -2.0000000e+01  -2.0768350e+01  -2.1448436e+01  -2.2050994e+01  -2.2585652e+01  -2.3060936e+01  -2.3484326e+01  -2.3862350e+01  -2.4200679e+01  -2.4504226e+01  -2.4777248e+01  -2.5023428e+01  -2.5245954e+01  -2.5447588e+01  -2.5630730e+01  -2.5797462e+01  -2.5949599e+01  -2.6088724e+01  -2.6216221e+01
   1.8814417e+00  -6.2838422e-01  -3.1234752e+00  -5.5470020e+00  -7.8500068e+00  -9.9956775e+00  -1.1961007e+01  -1.3736056e+01  -1.5321627e+01  -1.6726290e+01  -1.7963493e+01  -1.9049174e+01  -2.0000000e+01  -2.0832211e+01  -2.1560933e+01  -2.2199837e+01  -2.2761036e+01  -2.3255107e+01  -2.3691205e+01  -2.4077203e+01  -2.4419846e+01  -2.4724902e+01  -2.4997297e+01  -2.5241245e+01  -2.5460348e+01  -2.5657695e+01  -2.5835934e+01  -2.5997347e+01  -2.6143900e+01  -2.6277293e+01  -2.6399000e+01  -2.6510302e+01
   2.0640627e+00  -6.8965517e-01  -3.4239348e+00  -6.0643541e+00  -8.5487473e+00  -1.0833301e+01  -1.2894117e+01  -1.4725002e+01  -1.6333169e+01  -1.7734504e+01  -1.8949458e+01  -2.0000000e+01  -2.0907630e+01  -2.1692249e+01  -2.2371633e+01  -2.2961296e+01  -2.3474564e+01  -2.3922779e+01  -2.4315529e+01  -2.4660896e+01  -2.4965679e+01  -2.5235604e+01  -2.5475492e+01  -2.5689411e+01  -2.5880805e+01  -2.6052593e+01  -2.6207259e+01  -2.6346921e+01  -2.6473394e+01  -2.6588235e+01  -2.6692787e+01  -2.6788209e+01
   2.2858180e+00  -7.6416072e-01  -3.7877701e+00  -6.6850322e+00  -9.3758398e+00  -1.1808688e+01  -1.3961272e+01  -1.5835159e+01  -1.7448048e+01  -1.8826431e+01  -2.0000000e+01  -2.0998048e+01  -2.1847492e+01  -2.2572019e+01  -2.3191917e+01  -2.3724271e+01  -2.4183321e+01  -2.4580863e+01  -2.4926646e+01  -2.5228724e+01  -2.5493754e+01  -2.5727253e+01  -2.5933805e+01  -2.6117232e+01  -2.6280730e+01  -2.6426986e+01  -2.6558264e+01  -2.6676481e+01  -2.6783267e+01  -2.6880011e+01  -2.6967905e+01  -2.7047971e+01
   2.5607376e+00  -8.5670587e-01  -4.2371360e+00  -7.4420841e+00  -1.0366879e+01  -1.2952968e+01  -1.5185132e+01  -1.7079675e+01  -1.8670861e+01  -2.0000000e+01  -2.1108422e+01  -2.2033778e+01  -2.2808578e+01  -2.3460019e+01  -2.4010430e+01  -2.4477952e+01  -2.4877245e+01  -2.5220145e+01  -2.5516209e+01  -2.5773179e+01  -2.5997347e+01  -2.6193848e+01  -2.6366890e+01  -2.6519944e+01  -2.6655882e+01  -2.6777094e+01  -2.6885579e+01  -2.6983017e+01  -2.7070826e+01  -2.7150208e+01  -2.7222188e+01  -2.7287642e+01
   2.9104275e+00  -9.7474036e-01  -4.8056933e+00  -8.3834358e+00  -1.1569848e+01  -1.4303908e+01  -1.6589003e+01  -1.8467921e+01  -2.0000000e+01  -2.1246152e+01  -2.2261303e+01  -2.3091721e+01  -2.3774939e+01  -2.4340784e+01  -2.4812723e+01  -2.5209150e+01  -2.5544487e+01  -2.5830080e+01  -2.6074893e+01  -2.6286046e+01  -2.6469235e+01  -2.6629038e+01  -2.6769164e+01  -2.6892636e+01  -2.7001932e+01  -2.7099095e+01  -2.7185824e+01  -2.7263532e+01  -2.7333409e+01  -2.7396455e+01  -2.7453521e+01  -2.7505328e+01
   3.3699357e+00  -1.1304668e+00  -5.5470020e+00  -9.5804333e+00  -1.3049026e+01  -1.5904529e+01  -1.8192219e+01  -2.0000000e+01  -2.1422789e+01  -2.2545171e+01  -2.3436035e+01  -2.4149003e+01  -2.4724902e+01  -2.5194550e+01  -2.5581188e+01  -2.5902402e+01  -2.6171582e+01  -2.6399000e+01  -2.6592607e+01  -2.6758603e+01  -2.6901872e+01  -2.7026288e+01  -2.7134954e+01  -2.7230371e+01  -2.7314572e+01  -2.7389221e+01  -2.7455690e+01  -2.7515115e+01  -2.7568446e+01  -2.7616478e+01  -2.7659884e+01  -2.7699232e+01
   4.0000000e+00  -1.3453456e+00  -6.5512178e+00  -1.1141720e+01  -1.4887557e+01  -1.7796413e+01  -2.0000000e+01  -2.1657404e+01  -2.2908623e+01  -2.3862350e+01  -2.4598432e+01  -2.5174228e+01  -2.5630730e+01  -2.5997347e+01  -2.6295364e+01  -2.6540351e+01  -2.6743842e+01  -2.6914479e+01  -2.7058824e+01  -2.7181909e+01  -2.7287642e+01  -2.7379087e+01  -2.7458671e+01  -2.7528333e+01  -2.7589638e+01  -2.7643855e+01  -2.7692027e+01  -2.7735010e+01  -2.7773518e+01  -2.7808146e+01  -2.7839394e+01  -2.7867685e+01
   4.9153915e+00  -1.6609096e+00  -7.9808688e+00  -1.3233863e+01  -1.7181284e+01  -2.0000000e+01  -2.1983805e+01  -2.3389013e+01  -2.4400783e+01  -2.5143997e+01  -2.5701262e+01  -2.6127373e+01  -2.6459146e+01  -2.6721752e+01  -2.6932716e+01  -2.7104471e+01  -2.7245993e+01  -2.7363873e+01  -2.7463026e+01  -2.7547170e+01  -2.7619153e+01  -2.7681188e+01  -2.7735010e+01  -2.7781995e+01  -2.7823244e+01  -2.7859649e+01  -2.7891934e+01  -2.7920694e+01  -2.7946421e+01  -2.7969526e+01  -2.7990351e+01  -2.8009184e+01
   6.3599873e+00  -2.1693046e+00  -1.0153462e+01  -1.6099689e+01  -2.0000000e+01  -2.2467832e+01  -2.4049130e+01  -2.5094281e+01  -2.5809661e+01  -2.6315923e+01  -2.6685083e+01  -2.6961434e+01  -2.7173101e+01  -2.7338489e+01  -2.7469991e+01  -2.7576162e+01  -2.7663048e+01  -2.7735010e+01  -2.7795253e+01  -2.7846171e+01  -2.7889582e+01  -2.7926884e+01  -2.7959165e+01  -2.7987283e+01  -2.8011921e+01  -2.8033628e+01  -2.8052850e+01  -2.8069950e+01  -2.8085229e+01  -2.8098935e+01  -2.8111277e+01  -2.8122429e+01
   8.9442719e+00  -3.1234752e+00  -1.3736056e+01  -2.0000000e+01  -2.3255107e+01  -2.4997297e+01  -2.5997347e+01  -2.6612315e+01  -2.7013293e+01  -2.7287642e+01  -2.7482910e+01  -2.7626502e+01  -2.7735010e+01  -2.7818915e+01  -2.7885083e+01  -2.7938156e+01  -2.7981357e+01  -2.8016981e+01  -2.8046695e+01  -2.8071733e+01  -2.8093024e+01  -2.8111277e+01  -2.8127044e+01  -2.8140754e+01  -2.8152750e+01  -2.8163305e+01  -2.8172641e+01  -2.8180939e+01  -2.8188346e+01  -2.8194985e+01  -2.8200960e+01  -2.8206354e+01
   1.4552138e+01  -5.5470020e+00  -2.0000000e+01  -2.4724902e+01  -2.6399000e+01  -2.7134954e+01  -2.7515115e+01  -2.7735010e+01  -2.7873021e+01  -2.7965098e+01  -2.8029499e+01  -2.8076265e+01  -2.8111277e+01  -2.8138159e+01  -2.8159241e+01  -2.8176076e+01  -2.8189732e+01  -2.8200960e+01  -2.8210302e+01  -2.8218159e+01  -2.8224828e+01  -2.8230538e+01  -2.8235463e+01  -2.8239742e+01  -2.8243482e+01  -2.8246770e+01  -2.8249676e+01  -2.8252257e+01  -2.8254560e+01  -2.8256623e+01  -2.8258479e+01  -2.8260154e+01
   2.6832816e+01  -2.0000000e+01  -2.7735010e+01  -2.8111277e+01  -2.8200960e+01  -2.8235463e+01  -2.8252257e+01  -2.8261671e+01  -2.8267470e+01  -2.8271294e+01  -2.8273947e+01  -2.8275862e+01  -2.8277290e+01  -2.8278383e+01  -2.8279238e+01  -2.8279919e+01  -2.8280471e+01  -2.8280925e+01  -2.8281301e+01  -2.8281618e+01  -2.8281886e+01  -2.8282116e+01  -2.8282314e+01  -2.8282486e+01  -2.8282636e+01  -2.8282768e+01  -2.8282885e+01  -2.8282989e+01  -2.8283081e+01  -2.8283164e+01  -2.8283238e+01  -2.8283305e+01
   2.0000000e+01  -8.9442719e+00  -2.4253563e+01  -2.6832816e+01  -2.7559945e+01  -2.7853885e+01  -2.8000000e+01  -2.8082798e+01  -2.8134133e+01  -2.8168114e+01  -2.8191755e+01  -2.8208858e+01  -2.8221626e+01  -2.8231409e+01  -2.8239069e+01  -2.8245178e+01  -2.8250128e+01  -2.8254194e+01  -2.8257575e+01  -2.8260417e+01  -2.8262828e+01  -2.8264892e+01  -2.8266671e+01  -2.8268216e+01  -2.8269567e+01  -2.8270754e+01  -2.8271802e+01  -2.8272734e+01  -2.8273564e+01  -2.8274309e+01  -2.8274978e+01  -2.8275582e+01
   1.1141720e+01  -4.0000000e+00  -1.6439899e+01  -2.2326252e+01  -2.4903483e+01  -2.6153846e+01  -2.6832816e+01  -2.7236736e+01  -2.7494637e+01  -2.7668639e+01  -2.7791283e+01  -2.7880836e+01  -2.7948154e+01  -2.8000000e+01  -2.8040758e+01  -2.8073368e+01  -2.8099860e+01  -2.8121669e+01  -2.8139835e+01  -2.8155125e+01  -2.8168114e+01  -2.8179240e+01  -2.8188844e+01  -2.8197191e+01  -2.8204489e+01  -2.8210909e+01  -2.8216584e+01  -2.8221626e+01  -2.8226126e+01  -2.8230158e+01  -2.8233785e+01  -2.8237059e+01
   7.4420841e+00  -2.5607376e+00  -1.1704115e+01  -1.7910669e+01  -2.1591825e+01  -2.3746630e+01  -2.5055099e+01  -2.5889019e+01  -2.6445724e+01  -2.6832816e+01  -2.7111502e+01  -2.7318161e+01  -2.7475313e+01  -2.7597423e+01  -2.7694087e+01  -2.7771856e+01  -2.7835316e+01  -2.7887751e+01  -2.7931560e+01  -2.7968528e+01  -2.8000000e+01  -2.8027011e+01  -2.8050361e+01  -2.8070682e+01  -2.8088474e+01  -2.8104139e+01  -2.8118001e+01  -2.8130327e+01  -2.8141334e+01  -2.8151204e+01  -2.8160089e+01  -2.8168114e+01
   5.5470020e+00  -1.8814417e+00  -8.9442719e+00  -1.4552138e+01  -1.8524233e+01  -2.1208617e+01  -2.3015858e+01  -2.4253563e+01  -2.5122589e+01  -2.5749052e+01  -2.6212145e+01  -2.6562405e+01  -2.6832816e+01  -2.7045419e+01  -2.7215297e+01  -2.7352999e+01  -2.7466055e+01  -2.7559945e+01  -2.7638721e+01  -2.7705431e+01  -2.7762398e+01  -2.7811415e+01  -2.7853885e+01  -2.7890917e+01  -2.7923396e+01  -2.7952033e+01  -2.7977410e+01  -2.8000000e+01  -2.8020195e+01  -2.8038321e+01  -2.8054650e+01  -2.8069411e+01
   4.4112877e+00  -1.4865883e+00  -7.1981575e+00  -1.2108110e+01  -1.5971673e+01  -1.8859807e+01  -2.0973799e+01  -2.2518867e+01  -2.3658693e+01  -2.4511785e+01  -2.5160755e+01  -2.5662619e+01  -2.6056872e+01  -2.6371160e+01  -2.6625099e+01  -2.6832816e+01  -2.7004636e+01  -2.7148218e+01  -2.7269319e+01  -2.7372327e+01  -2.7460624e+01  -2.7536847e+01  -2.7603077e+01  -2.7660969e+01  -2.7711852e+01  -2.7756803e+01  -2.7796703e+01  -2.7832275e+01  -2.7864118e+01  -2.7892733e+01  -2.7918539e+01  -2.7941890e+01
   3.6582646e+00  -1.2285902e+00  -6.0084177e+00  -1.0306770e+01  -1.3917481e+01  -1.6811918e+01  -1.9071218e+01  -2.0815272e+01  -2.2160661e+01  -2.3204364e+01  -2.4021417e+01  -2.4667930e+01  -2.5185296e+01  -2.5603967e+01  -2.5946435e+01  -2.6229431e+01  -2.6465516e+01  -2.6664212e+01  -2.6832816e+01  -2.6976970e+01  -2.7101086e+01  -2.7208644e+01  -2.7302412e+01  -2.7384615e+01  -2.7457053e+01  -2.7521191e+01  -2.7578237e+01  -2.7629187e+01  -2.7674871e+01  -2.7715982e+01  -2.7753106e+01  -2.7786738e+01
   3.1234752e+00  -1.0468478e+00  -5.1502620e+00  -8.9442719e+00  -1.2270159e+01  -1.5070235e+01  -1.7364863e+01  -1.9216561e+01  -2.0701088e+01  -2.1890818e+01  -2.2847778e+01  -2.3622199e+01  -2.4253563e+01  -2.4772447e+01  -2.5202403e+01  -2.5561566e+01  -2.5863948e+01  -2.6120432e+01  -2.6339523e+01  -2.6527921e+01  -2.6690937e+01  -2.6832816e+01  -2.6956973e+01  -2.7066179e+01  -2.7162693e+01  -2.7248374e+01  -2.7324756e+01  -2.7393117e+01  -2.7454526e+01  -2.7509882e+01  -2.7559945e+01  -2.7605361e+01
   2.7244597e+00  -9.1192151e-01  -4.5037735e+00  -7.8859432e+00  -1.0938282e+01  -1.3600000e+01  -1.5863181e+01  -1.7755521e+01  -1.9322602e+01  -2.0614937e+01  -2.1680473e+01  -2.2561213e+01  -2.3292312e+01  -2.3902439e+01  -2.4414632e+01  -2.4847277e+01  -2.5215009e+01  -2.5529487e+01  -2.5800027e+01  -2.6034098e+01  -2.6237721e+01  -2.6415774e+01  -2.6572233e+01  -2.6710352e+01  -2.6832816e+01  -2.6941846e+01  -2.7039295e+01  -2.7126712e+01  -2.7205403e+01  -2.7276470e+01  -2.7340852e+01  -2.7399348e+01
   2.4155090e+00  -8.0779239e-01  -4.0000000e+00  -7.0439443e+00  -9.8482022e+00  -1.2357510e+01  -1.4552138e+01  -1.6439899e+01  -1.8045870e+01  -1.9403374e+01  -2.0547630e+01  -2.1512013e+01  -2.2326252e+01  -2.3015858e+01  -2.3602223e+01  -2.4103042e+01  -2.4532837e+01  -2.4903483e+01  -2.5224684e+01  -2.5504372e+01  -2.5749052e+01  -2.5964072e+01  -2.6153846e+01  -2.6322031e+01  -2.6471672e+01  -2.6605315e+01  -2.6725095e+01  -2.6832816e+01  -2.6930003e+01  -2.7017957e+01  -2.7097785e+01  -2.7170438e+01
   2.1693046e+00  -7.2499943e-01  -3.5967500e+00  -6.3599873e+00  -8.9442719e+00  -1.1301982e+01  -1.3409568e+01  -1.5264063e+01  -1.6877303e+01  -1.8270006e+01  -1.9466945e+01  -2.0493597e+01  -2.1374115e+01  -2.2130299e+01  -2.2781217e+01  -2.3343214e+01  -2.3830125e+01  -2.4253563e+01  -2.4623235e+01  -2.4947244e+01  -2.5232343e+01  -2.5484176e+01  -2.5707461e+01  -2.5906158e+01  -2.6083596e+01  -2.6242587e+01  -2.6385511e+01  -2.6514391e+01  -2.6630952e+01  -2.6736670e+01  -2.6832816e+01  -2.6920481e+01
