   1.4466932e+01   1.3585372e+01   1.2649132e+01   1.1658145e+01   1.6091892e+01   9.5129925e+00   6.7322499e+00   7.1660236e+00   5.9263897e+00   4.6499152e+00   3.3435180e+00   7.2396055e-01  -8.9123637e-01  -6.7331419e-01  -2.0151137e+00   0.0000000e+00   0.0000000e+00   0.0000000e+00   0.0000000e+00   0.0000000e+00   0.0000000e+00   0.0000000e+00  -1.1657501e+01  -1.6001550e+00  -1.9993230e+01  -1.4467276e+01  -1.5294958e+01  -1.6070883e+01  -1.6796708e+01  -1.7474507e+01  -1.4812745e+01  -1.8696593e+01
   1.4990594e+01   1.4098892e+01   1.3147488e+01   1.2135563e+01   1.1063145e+01   4.3248113e+00   4.9374268e+00   7.4995858e+00   6.2087425e+00   4.8756521e+00   3.5083333e+00   4.3660870e+00   4.1016074e+00  -7.0673014e-01  -2.1153149e+00   0.0000000e+00   0.0000000e+00   0.0000000e+00   0.0000000e+00   0.0000000e+00   0.0000000e+00   0.0000000e+00  -1.2135899e+01  -1.4590493e+01  -5.7409743e+00  -1.4990301e+01  -1.5824282e+01  -1.6601938e+01   1.6149498e+01  -1.7901141e+01  -1.8625005e+01   1.8920978e+01
   1.5545463e+01   1.4645671e+01   1.3680709e+01   1.2649111e+01   1.1550207e+01   7.4888072e+00   9.1546171e+00   7.8647727e+00   6.5185755e+00   5.1240473e+00   3.6898140e+00   2.2265178e+00   5.2077395e+00  -7.4385729e-01  -2.2260415e+00  -3.6898182e+00  -5.1240589e+00  -6.5185882e+00  -7.8646872e+00  -9.1552894e+00  -1.0385065e+01  -1.1550976e+01  -1.7496048e+01  -1.0941690e+01  -1.4645096e+01  -1.5545495e+01  -1.6382457e+01  -1.7159749e+01  -1.9586569e+01  -1.8545560e+01   2.0930686e+01  -1.7766184e+01
   1.6133190e+01   1.5227948e+01   1.4251625e+01   1.3201927e+01   1.2077560e+01   1.0878079e+01   1.4607003e+00   1.0668409e+01   6.8600543e+00   5.3986092e+00   3.8910824e+00   4.1054074e+00   5.9059504e+00  -7.8513594e-01  -2.3488809e+00  -3.8910211e+00  -5.3986092e+00  -6.8599434e+00  -8.2651883e+00  -9.6066024e+00  -1.0879335e+01  -1.9741440e+01  -1.5245002e+01  -1.1145177e+01  -1.2652040e+01  -1.6133121e+01  -1.6971004e+01  -2.4248896e+01   1.3581560e+01  -1.9112801e+01  -2.0191463e+01  -1.3003172e+01
   1.6755293e+01   1.5847942e+01   1.4863183e+01   1.3797672e+01   1.2649111e+01   1.1415471e+01   9.7940140e-01   7.4427291e+00   7.2376785e+00   5.7036058e+00   4.1133455e+00   2.2613813e-01   1.6995794e+00  -8.3148901e-01  -2.4860124e+00  -4.1151915e+00  -5.7036059e+00  -7.2377346e+00  -8.7064725e+00  -1.0101761e+01  -1.9307039e+01  -1.3819327e+01  -1.6685094e+01  -1.2651738e+01  -1.5847735e+01  -1.6755468e+01  -1.9527360e+01   2.0001433e+01  -1.9057070e+01  -1.9172233e+01  -2.0287646e+01  -2.0826190e+01
   1.7413004e+01   1.6507720e+01   1.5518348e+01   1.4440217e+01   1.3269714e+01   1.2004764e+01   1.0643269e+01   9.1945556e+00   7.6579111e+00   6.0442616e+00   4.3664026e+00   2.6386366e+00   8.8370224e-01  -8.8336566e-01  -2.6400726e+00  -4.3664376e+00  -6.0442605e+00  -7.6578482e+00  -9.1950762e+00  -1.0645955e+01  -1.2005478e+01  -1.3269940e+01  -1.6097937e+01  -1.5518329e+01  -1.6507765e+01  -1.8466444e+01   2.3085320e+01  -1.8993236e+01  -2.0680490e+01  -1.8109822e+01  -1.9301137e+01  -2.1396943e+01
   1.8107110e+01   1.7209046e+01   1.6220179e+01   1.5133562e+01   1.3944501e+01   1.2647846e+01   1.5639713e+00   9.7359622e+00   9.6640499e+00   6.4270931e+00   4.6496624e+00  -2.7177961e+00   5.7777558e+00   8.7621383e-01  -2.8143084e+00  -4.6499056e+00  -6.4270298e+00  -8.1282119e+00  -1.8459653e+01  -1.9105191e+01  -1.8481597e+01  -1.5687814e+01  -1.5133796e+01  -1.6220383e+01  -1.7208608e+01   2.0002062e+01  -1.8921091e+01  -1.8359240e+01  -1.8561591e+01  -2.1926025e+01  -2.7262620e+01  -2.8191955e+01
   1.8837733e+01   1.7953346e+01   2.1261780e+01   1.5881878e+01   1.4678742e+01   1.3354947e+01  -3.5864964e-02   1.0340733e+01   5.5507225e+00   6.8598033e+00   4.9721870e+00   4.8034504e+00   2.4892767e+00  -1.0089910e+00  -3.0131932e+00  -4.9721132e+00  -6.8605048e+00  -1.6092770e+01  -1.4819699e+01  -1.6095972e+01  -1.7241852e+01  -1.9545892e+01  -1.7430706e+01  -2.4672478e+01   2.1894579e+01  -1.8837885e+01  -2.2808009e+01  -2.1210158e+01  -1.8628178e+01  -2.1566968e+01  -2.2086705e+01  -2.2557315e+01
   1.9603957e+01   1.8740672e+01   1.7772356e+01   2.2797281e+01   1.1491774e+01   1.4134019e+01   1.2644077e+01   1.1020608e+01   9.2519457e+00   7.3530928e+00   5.3414081e+00   3.2419457e+00   1.0867416e+00  -1.2078356e-01  -3.2408863e+00  -5.3416160e+00  -1.1484231e+01  -2.4322142e+01  -1.1021850e+01  -1.6161687e+01  -1.9066298e+01  -1.5478885e+01  -1.6688062e+01   2.0001963e+01  -1.8192190e+01  -2.1330242e+01  -1.9339926e+01  -2.3252768e+01  -2.1671177e+01  -2.2217058e+01  -2.2705025e+01  -2.3141937e+01
   1.8522808e+01   2.4248942e+01   1.8625466e+01   1.7556068e+01   1.3023053e+01   1.4986653e+01   1.7067859e+00   1.1781361e+01   9.9312076e+00   6.4798939e+00   5.7684398e+00  -8.5163800e-01   1.4862847e+00   4.4955334e+00  -3.5086207e+00  -5.7694671e+00  -2.3054324e+01  -9.9328207e+00  -1.1784852e+01  -1.3471767e+01  -1.4990697e+01   1.7716388e+01  -1.7556421e+01  -2.1783274e+01  -1.9570190e+01  -2.1927072e+01  -2.1139957e+01  -2.1790144e+01  -2.2365045e+01  -2.2874511e+01  -2.3326855e+01  -2.3729391e+01
  -1.7449932e+01   1.6829170e+01   1.7116949e+01   1.8486908e+01  -1.9273739e+01   2.0434565e+01  -1.0893588e+00   1.2648417e+01   1.0709351e+01   8.5756821e+00   6.2683861e+00   3.8214529e+00   1.2846541e+00   4.6422584e+00  -1.7897234e+01  -6.2691669e+00  -8.5766765e+00  -1.0710420e+01  -1.3885060e+01  -1.9994620e+01  -1.9318056e+01  -1.7294813e+01  -2.1782082e+01  -2.2418442e+01  -1.9314674e+01  -2.1233406e+01  -2.1926958e+01  -2.2533832e+01  -2.3066025e+01  -2.3533936e+01  -2.3946498e+01  -2.4311331e+01
   2.4555104e+01   1.2277282e+01   1.7558985e+01   1.5909085e+01   1.8318426e+01   2.2340542e+01   8.1349016e+00   1.3630388e+01   1.1606723e+01   6.0479665e+00   6.8598572e+00   5.7019176e+00   2.6379668e+00  -1.5115772e+01  -4.1970783e+00  -8.9438134e+00  -9.3450605e+00  -2.8048150e+01  -1.9288962e+01   2.0444167e+01  -1.6970939e+01  -2.3355192e+01  -1.8487783e+01  -1.9644399e+01  -2.1343386e+01  -2.2086305e+01  -2.2728030e+01  -2.3283974e+01  -2.3767178e+01  -2.4188647e+01  -2.4557625e+01  -2.4881844e+01
   2.8281434e+01   2.4003911e+01   1.2783973e+01   2.5626405e+01   2.3172159e+01   1.8106743e+01   1.0123428e+01   1.4748567e+01   1.2648951e+01   6.4825112e+00   7.5699379e+00   4.6498151e+00  -2.3480897e+00  -8.5122351e-01  -4.6493110e+00  -6.2319648e+00  -1.5875812e+01  -1.2907850e+01  -1.4748979e+01  -1.6560137e+01  -2.0795150e+01  -2.1498891e+01  -2.1285194e+01  -1.9439432e+01  -2.2273922e+01  -2.2953657e+01  -2.3533936e+01  -2.4031453e+01  -2.4459925e+01  -2.4830637e+01  -2.5152857e+01  -2.5434197e+01
   2.5236201e+01   2.6202016e+01   2.1023456e+01   2.1812035e+01  -2.2816831e+01  -2.5489203e+01   2.0974447e+01   1.6257503e+01   1.3866831e+01   1.1336708e+01   8.4364738e+00   5.2126034e+00   4.9117582e+00   4.7977812e+00  -5.2122754e+00  -1.0811902e+01  -1.6806736e+01  -1.9994635e+01   1.6688505e+01  -1.6996489e+01  -1.9071575e+01  -2.0596627e+01  -2.1634988e+01  -2.2498126e+01  -2.3218704e+01  -2.3823033e+01  -2.4332719e+01  -2.4765077e+01  -2.5133988e+01  -2.5450586e+01  -2.5723823e+01  -2.5960907e+01
   2.4678324e+01   2.5905526e+01   2.3533972e+01   2.1090365e+01   2.4217752e+01   2.0676669e+01   2.9792226e-01   2.2948200e+01   1.8104334e+01   1.2649234e+01   9.1950149e+00   5.9262340e+00  -1.1177105e+00   1.2806849e+00  -5.8687942e+00  -6.2302631e+00  -1.4633194e+01   1.5500228e+01  -2.1480279e+01  -2.0885762e+01  -1.9571384e+01  -2.0483295e+01  -2.2770363e+01  -2.3533936e+01  -2.4160384e+01  -2.4678197e+01  -2.5109490e+01  -2.5471447e+01  -2.5777453e+01  -2.6037985e+01  -2.6261287e+01  -2.6453882e+01
   2.5498907e+01   2.5076440e+01   2.3405968e+01   2.3913821e+01   2.0400240e+01   2.0902042e+01   2.1742056e+01   2.3980857e+01   1.5146469e+01   1.4251577e+01   1.0878386e+01   6.8599854e+00   3.5064453e+00  -2.0143723e+00  -5.0619300e+00  -1.3016806e+01  -1.4251635e+01  -1.5769711e+01  -1.9026150e+01  -2.0000976e+01  -2.2626728e+01  -2.3107310e+01  -2.3914037e+01  -2.4557625e+01  -2.5076406e+01  -2.5498923e+01  -2.5846494e+01  -2.6135143e+01  -2.6377009e+01  -2.6581372e+01  -2.6755392e+01  -2.6904638e+01
   2.6261274e+01   2.5938658e+01   2.5536710e+01   2.5029132e+01   2.0520338e+01   2.2947789e+01   1.7542955e+01   2.3655992e+01   2.3385069e+01   1.7509476e+01   8.9489706e+00   8.1267745e+00  -3.9434042e+00  -2.5603526e-01  -1.1377420e+01  -5.7106878e+00   1.4550423e+01  -1.8955409e+01  -1.8490092e+01  -2.1407268e+01  -2.3533918e+01  -2.4379181e+01  -2.5029267e+01  -2.5536752e+01  -2.5938658e+01  -2.6261287e+01  -2.6523540e+01  -2.6739186e+01  -2.6918385e+01  -2.7068738e+01  -2.7196004e+01  -2.7304596e+01
   2.6938614e+01   2.6714404e+01   2.6431305e+01   2.6067783e+01   2.5591781e+01   1.8003298e+01   2.2011175e+01   2.1169111e+01   2.4796274e+01   1.1464280e+01   1.9695163e+01   5.2617596e+00   6.1366244e+00  -2.4118202e+00  -8.6853291e+00   2.5648133e+01  -1.8874685e+01  -2.1997703e+01  -2.2874456e+01  -2.4088496e+01  -2.4956709e+01  -2.5592138e+01  -2.6067785e+01  -2.6431305e+01  -2.6714404e+01  -2.6938623e+01  -2.7118906e+01  -2.7265829e+01  -2.7387018e+01  -2.7488072e+01  -2.7573162e+01  -2.7645444e+01
   2.7503261e+01   2.7368349e+01   2.7196004e+01   2.6971391e+01   2.6670180e+01   5.8772266e+00   2.0382831e+01   1.0523156e+01   1.4891637e+01   2.1474487e+01   1.8107570e+01   1.5106575e+01   4.6505724e+00  -1.3791304e+00  -4.9233499e+00  -1.1406680e+01  -2.0678271e+01  -2.3533940e+01  -2.4830638e+01  -2.5681045e+01  -2.6261288e+01  -2.6671794e+01  -2.6971391e+01  -2.7196004e+01  -2.7368349e+01  -2.7503266e+01  -2.7610740e+01  -2.7697667e+01  -2.7768928e+01  -2.7828043e+01  -2.7877607e+01  -2.7919557e+01
   2.7929036e+01   2.7865997e+01   2.7784730e+01   2.7677568e+01   2.7532372e+01   2.7327766e+01   2.8160861e+01   2.8281885e+01   2.5835413e+01   2.3516480e+01   2.4120041e+01  -1.9868634e+01   1.3088997e+01  -3.3588238e+00  -1.0460027e+01  -1.8020760e+01  -2.4557539e+01  -2.5846538e+01  -2.6581513e+01  -2.7946835e+01  -2.7329352e+01  -2.7532442e+01  -2.7677606e+01  -2.7784765e+01  -2.7866018e+01  -2.7929121e+01  -2.7978931e+01  -2.8019142e+01  -2.8051758e+01  -2.8078752e+01  -2.8101348e+01  -2.8120421e+01
   2.8194193e+01   2.8177939e+01   2.8156864e+01   2.8128862e+01   2.8090402e+01   2.8108074e+00   1.4508430e+01   2.7828290e+01   2.6195987e+01   2.8035460e+01   2.3640163e+01   2.2330109e+01   8.9812902e+00   7.7129408e-01  -9.1599028e+00  -2.2900933e+01  -2.7903233e+01  -2.8033635e+01  -2.8283917e+01  -2.8205240e+01  -2.8271256e+01  -2.8255758e+01  -2.8264485e+01  -2.8249393e+01  -2.8283987e+01  -2.7881130e+01  -2.8204536e+01  -2.8282905e+01  -2.8270530e+01  -2.8232514e+01  -2.8238206e+01  -2.8243040e+01
   2.8284271e+01   2.8284271e+01   2.8284271e+01   2.8284271e+01   2.8284271e+01   1.6123126e+01   2.8284271e+01   2.8284271e+01   2.8284271e+01   2.8284271e+01   2.8284271e+01   2.0050839e+01   1.5056898e+01   3.2907650e+00  -1.3870231e+01  -2.8284271e+01  -2.8284271e+01  -2.8284271e+01  -2.8284271e+01  -2.8284271e+01  -2.8284271e+01  -2.8284271e+01  -2.8284271e+01  -2.8091343e+01  -2.8284271e+01  -2.8284271e+01  -2.8161281e+01  -2.8020192e+01  -2.6698590e+01  -2.5901475e+01  -2.8284271e+01  -2.8284271e+01
   2.8194193e+01   2.8177939e+01   2.8156864e+01   2.8128862e+01   2.8090406e+01   6.9103029e+00  -4.2734764e+00   2.7827808e+01   2.7610739e+01   2.7196002e+01   2.6261282e+01   2.3535338e+01   1.8906169e+01  -4.4665998e+00  -2.0176153e+01  -2.6261808e+01  -2.7196002e+01  -2.7610739e+01  -2.7828043e+01  -2.7955373e+01  -2.8036159e+01  -2.8090541e+01  -2.8128862e+01  -2.8156850e+01  -2.8177939e+01  -2.8194194e+01  -2.8206983e+01  -2.8217234e+01  -2.8225562e+01  -2.8232392e+01  -2.2144288e+01  -2.8243001e+01
   2.7929052e+01   2.7866015e+01   2.7784753e+01   2.7677594e+01   2.7532423e+01   2.7328957e+01   2.7033131e+01   2.6581432e+01   2.5846584e+01   2.4557746e+01   2.2086468e+01   1.6970787e+01   6.8608768e+00  -6.8601644e+00  -1.6971437e+01  -2.2086479e+01  -2.4557746e+01  -2.5846584e+01  -2.6581440e+01  -2.7033565e+01  -2.7329292e+01  -2.7532428e+01  -2.7677594e+01  -2.7784753e+01  -2.7866015e+01  -2.7929055e+01  -2.7978913e+01  -2.8019009e+01  -2.8051725e+01  -2.8078760e+01  -2.8101271e+01  -2.8120427e+01
