  -2.4304483e+01  -2.4808016e+01  -2.5298210e+01  -2.5769898e+01  -2.3260503e+01  -2.6636497e+01  -2.7471382e+01  -2.7361435e+01  -2.7656426e+01  -2.7899432e+01  -2.8085955e+01  -2.8275005e+01  -2.8270226e+01  -2.8276256e+01  -2.8212397e+01   0.0000000e+00   0.0000000e+00   0.0000000e+00   0.0000000e+00   0.0000000e+00   0.0000000e+00   0.0000000e+00  -2.5770189e+01  -2.8238971e+01  -2.0006767e+01  -2.4304278e+01  -2.3792105e+01  -2.3275024e+01  -2.2756771e+01  -2.2240539e+01  -2.4095281e+01  -2.1223511e+01
  -2.3985039e+01  -2.4519813e+01  -2.5042834e+01  -2.5548544e+01  -2.6030882e+01  -2.7951673e+01  -2.7849988e+01  -2.7271894e+01  -2.7594411e+01  -2.7860869e+01  -2.8065844e+01  -2.7945255e+01  -2.7985296e+01  -2.8275440e+01  -2.8205061e+01   0.0000000e+00   0.0000000e+00   0.0000000e+00   0.0000000e+00   0.0000000e+00   0.0000000e+00   0.0000000e+00  -2.5548384e+01  -2.4230508e+01  -2.7695509e+01  -2.3985222e+01  -2.3443381e+01  -2.2899250e+01   2.3220545e+01  -2.1898611e+01  -2.1286362e+01   2.1023715e+01
  -2.3629189e+01  -2.4197196e+01  -2.4755569e+01  -2.5298221e+01  -2.5818457e+01  -2.7274856e+01  -2.6761782e+01  -2.7168830e+01  -2.7522866e+01  -2.7816257e+01  -2.8042562e+01  -2.8196500e+01  -2.7800710e+01  -2.8274488e+01  -2.8196538e+01  -2.8042561e+01  -2.7816255e+01  -2.7522863e+01  -2.7168855e+01  -2.6761552e+01  -2.6308752e+01  -2.5818113e+01  -2.2223598e+01  -2.6082167e+01  -2.4197545e+01  -2.3629168e+01  -2.3056780e+01  -2.2484284e+01  -2.0405056e+01  -2.1355613e+01   1.9023837e+01  -2.2008241e+01
  -2.3231879e+01  -2.3835050e+01  -2.4431357e+01  -2.5014178e+01  -2.5576015e+01  -2.6108761e+01  -2.8246528e+01  -2.6195134e+01  -2.7439746e+01  -2.7764276e+01  -2.8015344e+01  -2.7984739e+01  -2.7660798e+01  -2.8273372e+01  -2.8186571e+01  -2.8015352e+01  -2.7764276e+01  -2.7439774e+01  -2.7049707e+01  -2.6602879e+01  -2.6108238e+01  -2.0255260e+01  -2.3824146e+01  -2.5995866e+01  -2.5296756e+01  -2.3231926e+01  -2.2627086e+01  -1.4559913e+01   2.4810103e+01  -2.0849480e+01  -1.9806687e+01  -2.5118071e+01
  -2.2787281e+01  -2.3427393e+01  -2.4064201e+01  -2.4690570e+01  -2.5298221e+01  -2.5878312e+01  -2.8267309e+01  -2.7287466e+01  -2.7342568e+01  -2.7703229e+01  -2.7983574e+01  -2.8283367e+01  -2.8233162e+01  -2.8272047e+01  -2.8174807e+01  -2.7983302e+01  -2.7703229e+01  -2.7342553e+01  -2.6910915e+01  -2.6418827e+01  -2.0669742e+01  -2.4678456e+01  -2.2838731e+01  -2.5296908e+01  -2.3427533e+01  -2.2787152e+01  -2.0461725e+01   1.9998567e+01  -2.0900432e+01  -2.0794843e+01  -1.9708156e+01  -1.9138177e+01
  -2.2288726e+01  -2.2967263e+01  -2.3647006e+01  -2.4320365e+01  -2.4978285e+01  -2.5610264e+01  -2.6205359e+01  -2.6748087e+01  -2.7227861e+01  -2.7630905e+01  -2.7945206e+01  -2.8160923e+01  -2.8270463e+01  -2.8270473e+01  -2.8160789e+01  -2.7945200e+01  -2.7630905e+01  -2.7227878e+01  -2.6747908e+01  -2.6204268e+01  -2.5609930e+01  -2.4978164e+01  -2.3256320e+01  -2.3647018e+01  -2.2967231e+01  -2.1424062e+01   1.6342215e+01  -2.0958459e+01  -1.9295526e+01  -2.1726351e+01  -2.0675253e+01  -1.8497861e+01
  -2.1728611e+01  -2.2446575e+01  -2.3171228e+01  -2.3895090e+01  -2.4607944e+01  -2.5298854e+01  -2.8240998e+01  -2.6555810e+01  -2.6582064e+01  -2.7544373e+01  -2.7899474e+01  -2.8153394e+01  -2.7687859e+01  -2.8270696e+01  -2.8143910e+01  -2.7899433e+01  -2.7544388e+01  -2.7091183e+01  -2.1429914e+01  -2.0856454e+01  -2.1410992e+01  -2.3534920e+01  -2.3894941e+01  -2.3171085e+01  -2.2446911e+01   1.9997938e+01  -2.1023613e+01  -2.1516002e+01  -2.1341681e+01  -1.7867552e+01  -7.5332280e+00  -2.2833510e+00
  -2.1098337e+01  -2.1855831e+01  -1.8653062e+01  -2.3404400e+01  -2.4177149e+01  -2.4932817e+01  -2.8284249e+01  -2.6326208e+01  -2.7734265e+01  -2.7439809e+01  -2.7843803e+01  -2.7873408e+01  -2.8174519e+01  -2.8266269e+01  -2.8123312e+01  -2.7843816e+01  -2.7439633e+01  -2.3259896e+01  -2.4091005e+01  -2.3257680e+01  -2.2421386e+01  -2.0444024e+01  -2.2274885e+01  -1.3829997e+01   1.7906072e+01  -2.1098201e+01  -1.6727065e+01  -1.8711740e+01  -2.1283585e+01  -1.8299342e+01  -1.7668545e+01  -1.7063632e+01
  -2.0388351e+01  -2.1184598e+01  -2.2003258e+01   1.6741684e+01  -2.5844518e+01  -2.4499582e+01  -2.5300737e+01  -2.6048919e+01  -2.6728290e+01  -2.7311756e+01  -2.7775337e+01  -2.8097861e+01  -2.8263386e+01  -2.8284013e+01  -2.8097983e+01  -2.7775297e+01  -2.5847871e+01  -1.4437223e+01  -2.6048394e+01  -2.3212063e+01  -2.0892015e+01  -2.3672856e+01  -2.2836563e+01   1.9998037e+01  -2.1657429e+01  -1.8574734e+01  -2.0638974e+01  -1.6103067e+01  -1.8175811e+01  -1.7504352e+01  -1.6866590e+01  -1.6261941e+01
  -2.1375350e+01  -1.4559836e+01  -2.1285958e+01  -2.2176214e+01  -2.5107770e+01  -2.3987501e+01  -2.8232727e+01  -2.5713800e+01  -2.6483412e+01  -2.7531999e+01  -2.7689801e+01  -2.8271447e+01  -2.8245194e+01  -2.7924723e+01  -2.8065808e+01  -2.7689587e+01  -1.6385913e+01  -2.6482807e+01  -2.5712201e+01  -2.4869891e+01  -2.3984974e+01  -2.2048346e+01  -2.2175934e+01  -1.8041313e+01  -2.0420766e+01  -1.7866268e+01  -1.8791015e+01  -1.8033015e+01  -1.7314871e+01  -1.6636008e+01  -1.5995557e+01  -1.5392075e+01
  -2.2259826e+01  -2.2732774e+01  -2.2516883e+01  -2.1406407e+01   2.0700796e+01  -1.9555780e+01  -2.8263285e+01  -2.5298568e+01  -2.6178422e+01  -2.6952879e+01  -2.7580923e+01  -2.8024926e+01  -2.8255082e+01  -2.7900707e+01  -2.1901804e+01  -2.7580746e+01  -2.6952562e+01  -2.6177985e+01  -2.4641532e+01  -2.0005379e+01   2.0659446e+01  -2.2380559e+01  -1.8042753e+01  -1.7245680e+01  -2.0662608e+01  -1.8685354e+01  -1.7866408e+01  -1.7094631e+01  -1.6369437e+01  -1.5689291e+01  -1.5052084e+01  -1.4455421e+01
  -1.4037339e+01  -2.5480745e+01  -2.2173905e+01  -2.3385915e+01  -2.1550760e+01   1.7346475e+01  -2.7089175e+01  -2.4783311e+01  -2.5793099e+01  -2.7630094e+01  -2.7439795e+01  -2.7703576e+01  -2.8160986e+01  -2.3906347e+01  -2.7971138e+01  -2.6832969e+01  -2.6695877e+01  -3.6470912e+00  -2.0686613e+01   1.9545742e+01  -2.2627135e+01  -1.5954154e+01  -2.1405651e+01  -2.0349388e+01  -1.8559630e+01  -1.7669045e+01  -1.6835578e+01  -1.6057913e+01  -1.5333663e+01  -1.4659786e+01  -1.4032928e+01  -1.3449678e+01
  -4.0063477e-01  -1.4960356e+01  -2.5230339e+01  -1.1970270e+01  -1.6218848e+01  -2.1728917e+01  -2.6410532e+01  -2.4134618e+01  -2.5298301e+01  -2.7531383e+01  -2.7252450e+01  -2.7899448e+01  -2.8186636e+01  -2.8271459e+01  -2.7899532e+01  -2.7589176e+01  -2.3408515e+01  -2.5167189e+01  -2.4134366e+01  -2.2929498e+01  -1.9171900e+01  -1.8379273e+01  -1.8626340e+01  -2.0545279e+01  -1.7431936e+01  -1.6526633e+01  -1.5689291e+01  -1.4916074e+01  -1.4202537e+01  -1.3543984e+01  -1.2935755e+01  -1.2373423e+01
  -1.2772398e+01  -1.0651495e+01   1.8921266e+01  -1.8006530e+01  -1.6715030e+01   1.2259713e+01  -1.8975578e+01  -2.3145056e+01  -2.4651795e+01  -2.5912913e+01  -2.6996776e+01  -2.7799798e+01  -2.7854526e+01  -2.7874384e+01  -2.7799859e+01  -2.6136235e+01  -2.2749365e+01  -2.0005363e+01   2.2836239e+01  -2.2607949e+01  -2.0887198e+01  -1.9385019e+01  -1.8218872e+01  -1.7141596e+01  -1.6152145e+01  -1.5246741e+01  -1.4419389e+01  -1.3663491e+01  -1.2972381e+01  -1.2339678e+01  -1.1759462e+01  -1.1226366e+01
  -1.3819563e+01  -1.1353578e+01  -1.5689236e+01  -1.8846658e+01  -1.4611656e+01  -1.9299621e+01  -2.8282702e+01  -1.6534211e+01  -2.1730925e+01  -2.5298159e+01  -2.6747929e+01  -2.7656459e+01  -2.8262178e+01  -2.8255262e+01  -2.7668705e+01  -2.7589560e+01  -2.4204744e+01   2.3658887e+01  -1.8401022e+01  -1.9073147e+01  -2.0419621e+01  -1.9504733e+01  -1.6778277e+01  -1.5689291e+01  -1.4706321e+01  -1.3819790e+01  -1.3019736e+01  -1.2296561e+01  -1.1641431e+01  -1.1046418e+01  -1.0504515e+01  -1.0009601e+01
  -1.2239516e+01  -1.3083278e+01  -1.5879567e+01  -1.5103946e+01  -1.9591585e+01  -1.9055305e+01  -1.8090965e+01  -1.4997282e+01  -2.3886910e+01  -2.4431385e+01  -2.6108633e+01  -2.7439763e+01  -2.8066080e+01  -2.8212449e+01  -2.7827628e+01  -2.5111009e+01  -2.4431351e+01  -2.3480124e+01  -2.0928583e+01  -1.9999024e+01  -1.6971481e+01  -1.6311107e+01  -1.5103604e+01  -1.4032928e+01  -1.3083342e+01  -1.2239483e+01  -1.1487331e+01  -1.0814542e+01  -1.0210455e+01  -9.6659535e+00  -9.1732772e+00  -8.7258497e+00
  -1.0504546e+01  -1.1277679e+01  -1.2160447e+01  -1.3173554e+01  -1.9465757e+01  -1.6534780e+01  -2.2186589e+01  -1.5504646e+01  -1.5910328e+01  -2.2213020e+01  -2.6831249e+01  -2.7091614e+01  -2.8008027e+01  -2.8283112e+01  -2.5895063e+01  -2.7701770e+01   2.4254591e+01  -2.0992677e+01  -2.1403656e+01  -1.8485910e+01  -1.5689319e+01  -1.4340694e+01  -1.3173299e+01  -1.2160358e+01  -1.1277678e+01  -1.0504515e+01  -9.8235335e+00  -9.2204089e+00  -8.6833499e+00  -8.2026478e+00  -7.7702869e+00  -7.3796382e+00
  -8.6203867e+00  -9.2919665e+00  -1.0069069e+01  -1.0975914e+01  -1.2044116e+01  -2.1814703e+01  -1.7762550e+01  -1.8758165e+01  -1.3606792e+01  -2.5856726e+01  -2.0300260e+01  -2.7790536e+01  -2.7610539e+01  -2.8181255e+01  -2.6917746e+01  -1.1923644e+01  -2.1065286e+01  -1.7779231e+01  -1.6636084e+01  -1.4823777e+01  -1.3310247e+01  -1.2043359e+01  -1.0975910e+01  -1.0069068e+01  -9.2919665e+00  -8.6203594e+00  -8.0352314e+00  -7.5216079e+00  -7.0676177e+00  -6.6637750e+00  -6.3024371e+00  -5.9774078e+00
  -6.6008057e+00  -7.1395695e+00  -7.7702870e+00  -8.5172816e+00  -9.4181480e+00  -2.7666915e+01  -1.9609697e+01  -2.6253822e+01  -2.4046603e+01  -1.8407781e+01  -2.1728228e+01  -2.3912160e+01  -2.7899322e+01  -2.8250628e+01  -2.7852480e+01  -2.5882188e+01  -1.9297905e+01  -1.5689286e+01  -1.3543981e+01  -1.1852592e+01  -1.0504512e+01  -9.4135747e+00  -8.5172814e+00  -7.7702870e+00  -7.1395695e+00  -6.6007839e+00  -6.1357199e+00  -5.7305518e+00  -5.3746311e+00  -5.0596443e+00  -4.7790184e+00  -4.5275067e+00
  -4.4686614e+00  -4.8462603e+00  -5.2923297e+00  -5.8268565e+00  -6.4783079e+00  -7.2933679e+00   2.6393006e+00  -3.6737982e-01  -1.1512229e+01  -1.5715444e+01  -1.4772395e+01   2.0130509e+01  -2.5073455e+01  -2.8084129e+01  -2.6279038e+01  -2.1800280e+01  -1.4033077e+01  -1.1487232e+01  -9.6655651e+00  -4.3559642e+00  -7.2874212e+00  -6.4780119e+00  -5.8266759e+00  -5.2921505e+00  -4.8461370e+00  -4.4681286e+00  -4.1448093e+00  -3.8636385e+00  -3.6192379e+00  -3.4034800e+00  -3.2115826e+00  -3.0400528e+00
  -2.2555433e+00  -2.4502556e+00  -2.6816061e+00  -2.9609330e+00  -3.3059500e+00  -2.8144260e+01   2.4279733e+01  -5.0582860e+00  -1.0666314e+01  -3.7433915e+00  -1.5528769e+01  -1.7359903e+01  -2.6820448e+01  -2.8273753e+01  -2.6759973e+01  -1.6599617e+01  -4.6270475e+00  -3.7570318e+00   1.4156416e-01  -2.1129183e+00   8.5796020e-01   1.2696932e+00   1.0577683e+00   1.4041988e+00   1.2679721e-01   4.7584251e+00   2.1222921e+00  -2.7804848e-01   8.8155192e-01  -1.7103075e+00  -1.6136037e+00  -1.5266545e+00
  -7.5117837e-13  -9.3534707e-13  -3.1237481e-12  -4.6446769e-08  -1.0247492e-03  -2.3238864e+01   1.3394020e-03   3.4268699e-05  -2.0277297e-04   1.7595948e-04  -1.2455241e-03  -1.9949031e+01  -2.3943471e+01  -2.8092185e+01  -2.4649882e+01  -1.4179688e-03   1.4044245e-04   1.1442616e-04   2.3941868e-04   1.0668489e-04   2.1343205e-04   2.1296853e-04   3.3817156e-04   3.2979447e+00   2.7634797e-04   5.5125286e-04   2.6348154e+00   3.8560126e+00   9.3373062e+00   1.1362816e+01   1.2328781e-03   1.1446948e-05
   2.2555433e+00   2.4502556e+00   2.6816061e+00   2.9609329e+00   3.3059170e+00   2.7427135e+01   2.7959567e+01   5.0609406e+00   6.1357224e+00   7.7702941e+00   1.0504527e+01   1.5687188e+01  -2.1037033e+01  -2.7929366e+01  -1.9822282e+01   1.0503210e+01   7.7702940e+00   6.1357224e+00   5.0596452e+00   4.3008271e+00   3.7381547e+00   3.3047697e+00   2.9609353e+00   2.6817553e+00   2.4502580e+00   2.2555374e+00   2.0895289e+00   1.9462007e+00   1.8214421e+00   1.7123178e+00   1.7596321e+01   1.5273867e+00
   4.4685621e+00   4.8461520e+00   5.2922125e+00   5.8267290e+00   6.4780909e+00   7.2889030e+00   8.3192456e+00   9.6657900e+00   1.1487128e+01   1.4032715e+01   1.7668841e+01   2.2627249e+01   2.7439540e+01   2.7439718e+01   2.2626761e+01   1.7668827e+01   1.4032715e+01   1.1487128e+01   9.6657675e+00   8.3178352e+00   7.2876473e+00   6.4780714e+00   5.8267290e+00   5.2922125e+00   4.8461520e+00   4.4685457e+00   4.1449283e+00   3.8646014e+00   3.6194935e+00   3.4034190e+00   3.2122508e+00   3.0399956e+00
