   2.8200967e+01   2.8186580e+01   2.8168124e+01   2.8143915e+01   2.8111400e+01   1.4301367e+01   2.8000293e+01   2.7012933e+01   2.7735481e+01   1.0904861e+01  -2.5845172e+01  -2.7996855e+01   2.2997501e+01   2.6623487e+01   2.7612391e+01   0.0000000e+00   0.0000000e+00   0.0000000e+00   0.0000000e+00   0.0000000e+00   0.0000000e+00   0.0000000e+00  -2.8111295e+01  -2.8143917e+01   2.8009413e+01   2.8281814e+01  -2.8200961e+01   2.8245738e+01  -2.8263444e+01  -2.7266187e+01  -2.7839040e+01  -2.8031888e+01
   2.8284271e+01   2.8284271e+01   2.8284271e+01   2.8284271e+01   2.8284271e+01   2.8284271e+01   1.1878795e+01   2.8258374e+01  -2.9310700e+00   2.8284271e+01   1.5856983e+01   1.2539864e+01   1.9418627e+01   0.0000000e+00   1.9867193e+01   0.0000000e+00   0.0000000e+00   0.0000000e+00   0.0000000e+00   0.0000000e+00   0.0000000e+00   0.0000000e+00  -2.8284271e+01  -2.8284271e+01  -2.8284271e+01  -2.8284271e+01   2.7086672e+01  -2.7080532e+01  -2.7738123e+01  -2.7816394e+01  -2.8160180e+01  -2.6705901e+01
   2.8200959e+01   2.8186571e+01   2.8168114e+01   2.8143902e+01   2.8110994e+01   1.1972742e+01   2.7999313e+01   2.7899189e+01  -5.6731235e+00   1.7034843e+01   1.7096168e+01   9.0977942e+00   9.6540929e+00   6.1250657e+00   9.7505568e+00  -1.3071922e+01  -2.3240520e+01  -2.7734778e+01  -2.7369272e+01  -2.8283999e+01  -2.8280876e+01  -2.8187719e+01  -2.8260746e+01  -2.8041164e+01  -2.8271275e+01  -2.7768767e+01  -2.7991459e+01  -2.8283069e+01  -2.8170204e+01  -2.6836428e+01  -2.6640594e+01  -2.8012945e+01
   2.7955371e+01   2.7899433e+01   2.7828043e+01   2.7735010e+01   2.7610530e+01   6.6063457e+00   5.2402222e+00   2.6832561e+01   2.8237691e+01   4.6276419e+00   1.5076553e+01   1.2976204e+01   9.2594189e+00   1.0940439e+01  -4.9205943e+00  -1.9999092e+01  -1.8363834e+01  -2.5345402e+01  -2.7871003e+01  -2.7162264e+01  -2.8271207e+01  -2.8220971e+01  -2.8242272e+01  -2.8283367e+01  -2.8277809e+01  -2.7899535e+01  -2.8040641e+01  -2.8166486e+01  -2.8036216e+01  -2.7883453e+01  -2.8090593e+01  -2.8111304e+01
   2.7559940e+01   2.7439774e+01   2.7287642e+01   2.7091418e+01   2.6832806e+01   2.6482680e+01   2.5996848e+01   2.5297770e+01   1.3455225e+01   8.5153595e+00   1.3808042e+01   7.5279547e+00   1.2329085e+01   7.1176927e-01  -9.3090288e+00  -2.0847412e+01  -1.4183754e+01  -1.8987174e+01  -2.4253477e+01  -2.5298544e+01  -2.5997502e+01  -2.6483474e+01  -2.6833203e+01  -2.7091498e+01  -2.7287709e+01  -2.7439775e+01  -2.7559952e+01  -2.7656490e+01  -2.7734885e+01  -1.3966548e+01  -2.7853777e+01  -2.7899431e+01
   2.7033505e+01   2.6832816e+01   2.6581372e+01   2.6261287e+01   2.5846081e+01   5.0483061e+00   2.4556714e+01   1.6819642e+01   5.8873983e+00   9.7456284e+00   1.1138501e+01   1.0841573e+01   5.5999809e-01   1.0647319e+01  -2.0542147e+00  -1.8707449e+01  -1.9343532e+01  -1.9999809e+01  -1.9049353e+01  -2.3533753e+01  -2.4557623e+01  -2.5298221e+01  -2.5846494e+01  -2.6261287e+01  -2.6581372e+01  -2.6832816e+01  -2.7033513e+01  -2.7196004e+01  -2.7329246e+01  -2.7439463e+01  -2.7532391e+01  -2.7610736e+01
   2.6398989e+01   2.6108558e+01   2.5749052e+01   2.5298221e+01   2.4724442e+01   5.0165203e+00   1.7915993e+01   1.0223868e+01   8.4936304e+00   8.1377601e+00   1.3272895e+01   1.1304502e+01   9.6204995e+00   1.9447191e+00   8.4956910e-01  -1.1762317e+01  -1.8524807e+01  -1.8282640e+01  -2.1079628e+01  -1.9702517e+01  -2.3015737e+01  -2.3985013e+01  -2.4724901e+01  -2.5298221e+01  -2.5749052e+01  -2.6108558e+01  -2.6399000e+01  -2.6636484e+01  -2.6832610e+01  -1.4097330e+01  -2.7134776e+01  -2.7252397e+01
   2.5680954e+01   2.5298221e+01   2.4830636e+01   2.4253561e+01   2.3533612e+01   1.5912366e+01   2.1474367e+01   1.6266939e+01   4.2395690e+00   1.0604093e+01   1.8803889e+01   5.8531687e+00   5.8827597e-01  -8.1531094e-05  -4.6493203e+00  -8.9448202e+00  -1.9065059e+01  -2.1885251e+01  -1.9505418e+01  -2.2323700e+01  -2.0330559e+01  -2.2627297e+01  -2.3533935e+01  -2.4253562e+01  -2.4830636e+01  -2.5298221e+01  -2.5680969e+01  -2.5997347e+01  -2.6261275e+01  -2.6482730e+01  -2.6671784e+01  -2.6832809e+01
   2.4903464e+01   2.4431359e+01   2.3862531e+01   2.3171014e+01   1.9926008e+01   1.9481255e+01   1.9999885e+01   1.8406460e+01   9.4078476e+00   4.5141685e+00   9.2226155e+00   9.1538782e+00   1.1561441e+01   6.5039823e-04   2.8066109e+00  -1.1565322e+01  -1.1142559e+01  -2.0152143e+01  -1.9996773e+01  -1.8979323e+01  -2.1726500e+01  -1.9351149e+01  -2.2326129e+01  -2.3171377e+01  -2.3862350e+01  -2.4431357e+01  -2.4903483e+01  -2.5298221e+01  -2.5630235e+01  -1.5482552e+01  -2.6153392e+01  -2.6361064e+01
   2.4088513e+01   2.3534177e+01   2.6480120e+01   1.3830387e+01   1.2658080e+01   7.1486285e+00   1.8623773e+01   1.0280107e+01   1.1576262e+01   6.1901482e+00   1.1542704e+01   1.0012085e+01   6.7230694e-01   7.9017595e-05   8.5195942e-01  -6.8599843e+00  -1.1140340e+01  -1.2649926e+01  -2.0968056e+01  -2.0846218e+01  -1.6607617e+01  -1.9999728e+01  -2.0000234e+01  -2.2086247e+01  -2.2874511e+01  -2.3533936e+01  -2.4088535e+01  -2.4557625e+01  -2.4956493e+01  -1.8882303e+01  -2.5591944e+01  -2.5846429e+01
   2.3254973e+01   2.3790790e+01   2.0002601e+01   2.1022790e+01   1.3669935e+01   6.6484638e+00   1.7363565e+01   1.5688358e+01   9.3384727e+00   9.7043436e+00   1.2632848e+01   1.1124504e+01   4.4659804e-01   2.4753084e-04  -3.1236429e+00  -6.1357279e+00  -8.9444964e+00  -1.4986701e+01  -1.2651354e+01  -2.1800253e+01  -1.9024706e+01  -1.7596303e+01  -1.9999838e+01  -2.0765612e+01  -2.1890735e+01  -2.2627416e+01  -2.3255107e+01  -2.3792120e+01  -2.4253559e+01  -2.4651660e+01  -2.4997231e+01  -2.3825053e+01
   1.8019228e+01   2.2175809e+01   2.0928512e+01   1.7671869e+01   1.8920768e+01   1.7666509e+01   1.5689186e+01   2.1629029e+00   5.0212877e+00   9.1006147e+00   9.1931784e+00   8.0943184e+00  -2.2116259e+00   5.5411364e+00  -4.8138273e+00  -5.5475876e+00  -8.1274284e+00  -1.0504859e+01  -1.6344688e+01  -1.4553026e+01  -2.3812512e+01  -2.2331659e+01  -1.7720643e+01  -1.9999897e+01  -1.9152182e+01  -2.1728416e+01  -2.2418791e+01  -2.3015858e+01  -2.3533936e+01  -2.3985014e+01  -2.4379185e+01  -2.4725146e+01
   2.3282280e+01   2.6130898e+01   2.0000307e+01   1.9025955e+01   1.7909409e+01   5.7978336e+00   9.8286575e+00   7.7921133e+00   1.2417845e+01   8.4929233e+00  -1.7803846e+01   7.4456130e+00  -2.6635248e+00   6.4199190e+00  -6.0532108e+00  -5.0602511e+00  -7.4420842e+00  -9.6659564e+00  -1.1704297e+01  -1.3544297e+01  -1.5185543e+01  -1.6636289e+01  -1.8689870e+01  -1.9941534e+01  -1.9560900e+01  -1.8628023e+01  -2.1591520e+01  -2.2240438e+01  -2.2808578e+01  -2.3307425e+01  -2.3746963e+01  -2.7189443e+01
   2.0783437e+01   2.0000309e+01   1.9112384e+01   1.8107151e+01   1.6970616e+01   1.5068447e+01   9.6662634e+00   9.7104295e+00   7.2211901e+00   9.1008764e+00   1.1774995e+01   4.6500306e+00  -2.0991374e+00  -6.4999181e+00  -2.3503913e+00  -4.6499309e+00  -6.8599435e+00  -8.9442720e+00  -1.0878881e+01  -1.8986892e+01  -1.4252271e+01  -1.5689297e+01  -1.6970644e+01  -1.9015491e+01  -2.2191071e+01  -2.0242196e+01  -1.5077443e+01  -2.1474731e+01  -2.2086304e+01  -2.2627417e+01  -2.3107020e+01  -1.2511061e+01
   1.9999965e+01   1.9184658e+01   1.8270009e+01   1.7245535e+01   1.8681252e+01   5.1132523e+00   9.3343279e+00   7.1484177e+00   1.2021938e+01   1.5681769e+01   8.0561367e+00   4.3006089e+00  -4.6975103e+00   6.8069260e+00  -1.6987687e+01  -4.3018288e+00  -6.3599874e+00  -8.3180040e+00  -1.0153467e+01  -1.1853425e+01  -2.0474688e+01  -1.4824394e+01  -1.6099695e+01  -1.7245341e+01  -1.9824338e+01  -2.0805841e+01  -1.9290017e+01  -1.8978279e+01  -2.1374041e+01  -2.1951819e+01  -2.2467817e+01  -2.2928509e+01
   1.9246027e+01   1.8407160e+01   1.7474823e+01   2.0477449e+01   1.5295236e+01   1.4031115e+01   5.4826972e+00   9.4285546e+00   1.6865990e+01   1.0876205e+01   1.2263405e+01   4.0003748e+00   3.9394933e+00  -1.1581915e+01  -2.0166968e+00  -4.0000156e+00  -5.9263776e+00  -7.7702869e+00  -9.5130299e+00  -1.1141726e+01  -1.2649816e+01  -2.0921857e+01  -1.5295706e+01  -1.6439617e+01  -1.0673188e+01  -1.9998153e+01  -2.2854452e+01  -1.7879793e+01  -2.0677038e+01  -2.1286080e+01  -2.1832849e+01  -1.2427293e+01
   1.8524196e+01   1.7669044e+01   1.6726293e+01   1.5689491e+01   1.4551732e+01   2.7558093e+00   8.8237445e+00   3.1597347e+00   1.1565220e+01   7.2880754e+00   5.5472998e+00   3.7378925e+00  -4.2691283e+00  -3.6348304e+00  -1.8816219e+00  -3.7381545e+00  -5.5470020e+00  -7.2878003e+00  -8.9442719e+00  -1.0504515e+01  -1.1961013e+01  -1.3311043e+01  -2.3073023e+01  -1.5689728e+01  -1.6726450e+01  -1.5884537e+01  -1.9542337e+01  -1.9298679e+01  -1.3755732e+01  -2.0634186e+01  -2.1208267e+01  -1.1554895e+01
   1.7835815e+01   1.6970563e+01   1.6023855e+01   1.4990634e+01   1.3866342e+01   6.4916498e+00   1.0897532e+01   8.9768444e+00   1.4898941e+01   6.8602509e+00   5.2124670e+00   3.5085201e+00   8.1198512e+00  -5.9481180e+00  -1.7645851e+00  -3.5082321e+00  -5.2124669e+00  -6.8599434e+00  -8.4364908e+00  -9.9312707e+00  -1.1336869e+01  -1.2649118e+01  -1.3867129e+01  -1.4991173e+01  -2.5464704e+01  -2.7007693e+01  -1.4433195e+01  -2.1145326e+01  -1.3473144e+01  -1.9999637e+01  -2.0596598e+01  -2.1139562e+01
   1.7181246e+01   1.6311064e+01   1.5365467e+01   1.4340695e+01   1.3229082e+01   1.2149388e+00   7.9022567e+00   1.2089626e+01   7.9812913e+00   6.4782155e+00   4.9153916e+00   3.3048967e+00   4.3616462e+00  -3.5521406e-05  -1.6601656e+00  -3.3047695e+00  -4.9153915e+00  -6.4782107e+00  -7.9808689e+00  -9.4135745e+00  -1.0769231e+01  -1.2043359e+01  -1.3233863e+01  -1.4340703e+01  -1.5366006e+01  -1.6311678e+01  -1.7181052e+01  -1.5884405e+01  -2.1011501e+01  -1.6111179e+01  -1.9999863e+01  -2.0563013e+01
   1.6560135e+01   1.5689291e+01   1.4748834e+01   1.3736056e+01   1.2649004e+01   1.0626703e+01   8.6446184e+00   7.7151434e+00   7.5700572e+00   6.1357199e+00   4.6499386e+00   3.1248839e+00   1.5686091e+00  -5.4587333e+00  -1.5691693e+00  -3.1234752e+00  -4.6499056e+00  -6.1357199e+00  -7.5701117e+00  -8.9442719e+00  -1.0251528e+01  -1.1487331e+01  -1.2649111e+01  -1.3736056e+01  -1.4748834e+01  -1.5689291e+01  -1.6560172e+01  -1.7364767e+01  -1.8106837e+01  -1.4401593e+01  -1.9420225e+01  -1.9999971e+01
   1.5971635e+01   1.5103603e+01   1.4171446e+01   1.3173298e+01   1.2107771e+01   2.8050784e+00   6.9923506e+00   8.5170918e+00   7.1981566e+00   5.8268565e+00   4.4132691e+00   3.2883339e-01  -2.8109034e+00  -4.2907915e+00  -1.4867897e+00  -2.9609329e+00  -4.4112877e+00  -5.8268563e+00  -7.1981575e+00  -8.5172813e+00  -9.7780241e+00  -1.0975909e+01  -1.2108110e+01  -1.3173298e+01  -1.4171446e+01  -1.5103603e+01  -1.5971673e+01  -1.6777963e+01  -1.1917503e+01  -1.4001211e+01  -1.2799210e+01  -1.9452090e+01
   1.5414560e+01   1.4552138e+01   1.3630721e+01   1.2649111e+01   1.1606856e+01   1.0503784e+01   6.6491573e+00   8.1272963e+00   6.8599434e+00   5.5470020e+00   4.1958957e+00   6.4257308e+00   1.4122759e+00  -3.3502309e+00  -1.4126038e+00  -2.8143902e+00  -4.1957016e+00  -5.5470020e+00  -6.8599434e+00  -8.1274255e+00  -9.3437210e+00  -1.0504515e+01  -1.1606866e+01  -1.2649111e+01  -1.3630721e+01  -1.4552138e+01  -1.5414598e+01  -1.6219961e+01  -1.6970121e+01  -1.3020333e+01  -1.4924458e+01  -1.8920916e+01
   1.4887519e+01   1.4032928e+01   1.3124100e+01   1.2160358e+01   1.1141470e+01   4.1168474e+00   1.5213088e+00   7.7699587e+00   6.5512178e+00   5.2923296e+00   4.0000026e+00   2.6817711e+00   1.3453790e+00   7.3164306e-01  -1.3453149e+00  -2.6816061e+00  -4.0000000e+00  -5.2923296e+00  -6.5512178e+00  -7.7702869e+00  -8.9442719e+00  -1.0069068e+01  -1.1141720e+01  -1.2160358e+01  -1.3124100e+01  -1.4032928e+01  -1.4887557e+01  -1.5689291e+01  -1.6439895e+01  -1.7140900e+01  -9.3840947e+00  -1.6339037e+01
   1.4389022e+01   1.3544005e+01   1.2649131e+01   1.1704135e+01   1.0709369e+01   9.6657071e+00   8.5755843e+00   7.4420930e+00   6.2684036e+00   5.0596543e+00   3.8215862e+00   2.5607428e+00   1.2843257e+00   3.3210225e-05  -1.2843247e+00  -2.5607428e+00  -3.8215862e+00  -5.0596543e+00  -6.2684036e+00  -7.4420982e+00  -8.5759104e+00  -9.6659710e+00  -1.0709373e+01  -1.1704135e+01  -1.2649131e+01  -1.3544005e+01  -1.4389060e+01  -1.5185154e+01  -1.5933594e+01  -1.6636024e+01  -1.7293981e+01  -1.7910567e+01
