   2.3271932e+01   6.6650296e+00   2.4327380e+01   2.8264179e+01   2.8262638e+01   1.7688825e+01   2.8258700e+01   1.5430291e+01   2.5394897e+01   2.6157605e+01   2.5678970e+01   1.9566519e+01   4.5342513e+00  -8.6668264e+00  -3.8082932e+00   0.0000000e+00   0.0000000e+00   0.0000000e+00   0.0000000e+00   0.0000000e+00   0.0000000e+00   0.0000000e+00   2.8036164e+01   2.2560699e+01   2.6610940e+01   2.7449537e+01   2.8165792e+01   2.8270186e+01   2.8174832e+01   2.8072202e+01   2.7644725e+01   2.6494589e+01
   2.7878229e+01   2.0401872e+01   2.1634931e+01   2.8284271e+01   5.7620504e+00   2.8284271e+01   2.8284271e+01   1.9972471e+01   2.3707490e+01   1.4574953e+01   2.8284271e+01   2.5956062e+01   1.9518819e+01   1.8361275e+01   1.4462689e+01   0.0000000e+00   0.0000000e+00   0.0000000e+00   0.0000000e+00   0.0000000e+00   0.0000000e+00   0.0000000e+00   2.7657674e+01   2.5851689e+01   2.8023731e+01   2.7355169e+01   2.7840038e+01   2.7920808e+01   2.7160500e+01   2.7650553e+01   2.8271860e+01   2.8221989e+01
   2.8267991e+01   2.7096108e+01   1.3926406e+01   2.8264196e+01   2.8262526e+01   2.8260765e+01   2.8258720e+01   2.8256414e+01   2.8253827e+01   2.2243895e+01   1.5290007e+01   2.8243153e+01   2.0142259e+01   1.4487744e+01   2.1503394e+01   2.5638425e+01   2.7945817e+01   2.7964858e+01   2.8263027e+01   2.8278871e+01   2.8256418e+01   2.7885630e+01   2.7562788e+01   2.7753988e+01   2.6948060e+01   2.7393331e+01   2.7238764e+01   2.6404314e+01   2.6360198e+01   2.6334531e+01   2.4634275e+01   1.6830865e+01
   6.2593890e+00   2.8214758e+01   2.7332380e+01   2.6563967e+01   2.4733164e+01   2.5835472e+01   2.8283254e+01   2.8173397e+01   2.5861872e+01   2.7274195e+01   2.7811970e+01   2.6562798e+01   2.5616124e+01   2.4975297e+01   2.2919659e+01   2.6749254e+01   2.7732771e+01   2.8261441e+01   2.8239127e+01   2.8154327e+01   2.8032775e+01   2.7586791e+01   2.7762761e+01   2.6435476e+01   2.5280285e+01   2.5942353e+01   2.4799316e+01   2.3533281e+01   2.5138462e+01   2.3324733e+01   1.3781207e+01   7.5589831e+00
   2.8139012e+01   2.8128859e+01   2.8117430e+01   2.8104810e+01   2.8090702e+01   2.5816119e+01   2.6201048e+01   2.5617222e+01   2.8013170e+01   2.7986341e+01   2.7672903e+01   2.7803768e+01   2.8053717e+01   2.7364603e+01   2.6954101e+01   2.8179820e+01   2.7993975e+01   2.8239569e+01   2.7976520e+01   2.8220558e+01   2.7929765e+01   2.7979137e+01   2.6761136e+01   2.4481364e+01   2.6917956e+01   2.1906015e+01   2.3780916e+01   2.3408991e+01   2.1492182e+01   1.2108135e+01   1.5513511e+01   1.2726957e+00
   2.8027791e+01   2.8009743e+01   2.7989731e+01   2.7967462e+01   2.7942585e+01   2.7914784e+01   2.7883465e+01   2.5688212e+01   2.5435151e+01   2.5152951e+01   2.7707846e+01   2.7645632e+01   2.8136087e+01   2.7544749e+01   1.7475132e+01   2.6741532e+01   2.6459903e+01   2.7461416e+01   2.5213255e+01   2.8259321e+01   2.7777973e+01   2.5078685e+01   2.3682156e+01   2.5676410e+01   2.4017066e+01   2.0593665e+01   1.3032577e+01   2.0945972e+01   2.0879102e+01   1.7809720e+01   6.1259304e+00  -2.1315934e-01
   2.7886552e+01   2.7858792e+01   2.7828043e+01   2.7793869e+01   2.7755744e+01   2.7713044e+01   2.7665016e+01   2.7610899e+01   2.7549283e+01   2.7479217e+01   1.6816152e+01   2.7304970e+01   2.7196118e+01   2.7068806e+01   2.6919179e+01   1.8057395e+01   2.6136381e+01   2.7184161e+01   2.7265083e+01   2.8043390e+01   2.6905296e+01   2.1738713e+01   2.1789577e+01   2.2727167e+01   1.8785851e+01   1.9689090e+01   2.0073520e+01   2.7651345e+01   2.4268160e+01   6.3734040e+00   2.6841977e+01  -2.8057447e+01
   2.7716793e+01   2.7677568e+01   2.7634179e+01   2.7586026e+01   2.7532395e+01   2.7472437e+01   2.7405131e+01   2.7329251e+01   2.7243305e+01   2.7145478e+01   2.7033919e+01   2.8036026e+01   2.6755529e+01   2.7734889e+01   2.7827890e+01   2.6136109e+01   2.4979126e+01   2.5499416e+01   2.5300311e+01   2.1576223e+01   9.3047891e+00   2.8204873e+01   2.1195675e+01   1.6670315e+01   1.6263863e+01   2.0903113e+01   2.5839143e+01   1.5685583e+01   6.8608794e+00   2.3485581e+00  -1.8943963e+00  -5.2363320e+00
   2.7520109e+01   2.7467886e+01   2.7410207e+01   2.7346303e+01   2.7275262e+01   2.7196004e+01   2.7107241e+01   2.7007428e+01   2.6894705e+01   2.6766816e+01   2.6621007e+01   2.6453972e+01   2.6261289e+01   2.6038051e+01   2.5777583e+01   2.6476286e+01   2.4904191e+01   2.4622520e+01   2.1615051e+01   2.2678734e+01   2.3195664e+01   2.2094032e+01   2.2427500e+01   1.9246360e+01   2.1301028e+01   1.5430093e+01   2.1583992e+01   9.5137712e+00   5.9250599e+00   3.3593439e-01  -3.3600227e-01  -4.0443463e+00
   2.7298288e+01   2.7231768e+01   2.7158424e+01   2.7077317e+01   2.6987338e+01   2.6887183e+01   2.6775303e+01   2.6649856e+01   2.6508637e+01   2.6348994e+01   2.6167720e+01   2.5960918e+01   2.5723848e+01   2.5182834e+01   2.4706405e+01   2.3132987e+01   2.3211134e+01   2.0977333e+01   2.2322968e+01   2.2497834e+01   2.2517939e+01   1.9794425e+01   1.9345177e+01   2.2436190e+01   1.6349177e+01   1.3867094e+01   1.1337373e+01   9.3143094e+00   5.2120128e+00  -9.4820687e+00  -1.7641952e+00  -2.8272911e+01
   2.7053261e+01   2.6971391e+01   2.6881290e+01   2.6781856e+01   2.6671794e+01   2.6549590e+01   2.6413458e+01   2.6261287e+01   2.6090572e+01   2.5898394e+01   2.5681075e+01   2.5434230e+01   2.5951602e+01   2.6521851e+01   2.4459860e+01   2.1480462e+01   2.2180659e+01   2.3255053e+01   2.2273638e+01   1.1511016e+01   2.2525797e+01   1.7269390e+01   2.0973493e+01   1.8413543e+01   1.4749315e+01   2.0431746e+01   1.0252041e+01   1.0204958e+01   4.6500215e+00   1.5686167e+00   2.5903808e+00  -1.1422347e+01
   2.6787064e+01   2.6689038e+01   2.6581372e+01   2.6462813e+01   2.6331898e+01   2.6186928e+01   2.6026042e+01   2.5846528e+01   2.5646017e+01   2.6831503e+01   2.7194286e+01   2.4430929e+01   2.4557587e+01   2.1731788e+01   2.2845527e+01   2.3896969e+01   1.9812885e+01   2.2086373e+01   2.1343410e+01   1.7755529e+01   2.2697138e+01   2.0973704e+01   2.1457952e+01   1.5414917e+01   1.3630728e+01   1.1607258e+01   9.3437459e+00   6.8600657e+00   4.1957036e+00   1.4126420e+00   2.7757861e+00   6.9042632e-01
   2.6501942e+01   2.6387175e+01   2.6261291e+01   2.6123264e+01   2.5970997e+01   2.5803024e+01   2.7921972e+01   2.6134495e+01   2.5180020e+01   2.4070920e+01   2.4635074e+01   2.4311404e+01   2.4723975e+01   2.3572031e+01   2.4359435e+01   1.8564442e+01   1.4429100e+01   2.4928254e+01   2.1577101e+01   2.0520219e+01   2.0926360e+01   1.9833405e+01   1.5933922e+01   1.4389042e+01   1.2649113e+01   1.0709495e+01   8.9434886e+00   6.2684085e+00   3.8215786e+00   1.2843278e+00  -1.2839881e+00  -3.8208647e+00
   2.8224967e+01   2.8035071e+01   2.5923935e+01   2.8064666e+01   2.6831714e+01   2.5401118e+01   2.5190281e+01   2.4956750e+01   2.4697587e+01   1.9176354e+01   2.4088423e+01   2.4675355e+01   2.1463154e+01   2.4087155e+01   1.9776980e+01   2.3070853e+01   2.3252592e+01   1.7913837e+01   1.6930630e+01   2.2540665e+01   1.8975003e+01   1.6348991e+01   1.4990636e+01   1.3471322e+01   1.1784900e+01   1.2643664e+01   7.9197443e+00   5.7686978e+00   3.5082321e+00   1.1776250e+00   1.8483432e+00   2.8282170e+01
   2.5882704e+01   2.5733711e+01   2.5571030e+01   2.5393487e+01   2.5198702e+01   2.4984884e+01   2.4749700e+01   2.4490333e+01   2.4203857e+01   2.4332067e+01   2.4252910e+01   2.6254825e+01   2.4081293e+01   2.4762295e+01   1.2642164e+01   2.1059346e+01   2.0973005e+01   1.7724867e+01   2.0662077e+01   1.7772368e+01   1.6688261e+01   1.5478551e+01   1.4134285e+01   1.2649111e+01   1.1020904e+01   1.4023343e+01   7.3533890e+00   5.3414110e+00   3.2420594e+00   1.0869390e+00  -3.6548506e+00   3.7575145e-01
   2.5552733e+01   2.5386670e+01   2.5205899e+01   2.5008766e+01   2.4793386e+01   2.4557624e+01   2.4299010e+01   2.3263652e+01   2.5477124e+01   2.3487968e+01   1.9100870e+01   2.4923945e+01   2.2086286e+01   1.9243554e+01   2.0989385e+01   2.0347455e+01   1.6184638e+01   1.3564323e+01   1.8789867e+01   1.7364448e+01   1.5881677e+01   1.4678918e+01   1.3356439e+01   1.1910832e+01   1.0342589e+01   8.6554777e+00   6.8599470e+00   4.9721101e+00   3.0132118e+00   1.0095084e+00  -1.0093746e+00   2.6794955e+00
   2.5212171e+01   2.5029267e+01   2.4830637e+01   2.4614581e+01   2.4379180e+01   2.4122201e+01   2.3381008e+01   2.3533758e+01   2.2431562e+01   2.1796352e+01   2.4762523e+01   2.1970143e+01   1.8490871e+01   2.0928434e+01   2.0324989e+01   1.6075299e+01   1.7257380e+01   1.8426366e+01   1.4423852e+01   1.6227625e+01   1.5133702e+01   1.3945310e+01   1.2649604e+01   1.1246415e+01   1.7541298e+01   8.1278052e+00   6.4270241e+00   4.6499056e+00   2.8143902e+00   9.4236665e-01   8.0051381e-01   9.1501171e-01
   2.4862767e+01   2.4663426e+01   2.4447463e+01   2.4213159e+01   2.3958526e+01   2.2275681e+01   2.3379580e+01   2.0741277e+01   2.0679791e+01   2.0002704e+01   2.1865891e+01   2.2532562e+01   2.0874533e+01   2.0305285e+01   1.9679758e+01   1.6142964e+01   1.8564970e+01   1.7669685e+01   2.8043367e+01   2.8176449e+01   1.4449555e+01   2.7079157e+01   2.1576168e+01   1.0646045e+01   9.1950222e+00   7.6578474e+00   6.0442605e+00   4.3664376e+00   2.6400739e+00   8.8357500e-01   1.7950450e+00   8.4296609e-01
   2.4506331e+01   2.4291084e+01   2.4058448e+01   2.3806704e+01   2.3533890e+01   2.2113849e+01   2.2916236e+01   1.9532905e+01   1.6842959e+01   2.2160634e+01   2.1319942e+01   2.0826547e+01   2.0287997e+01   1.9699119e+01   1.4545195e+01   1.5659944e+01   1.9997262e+01   1.6755476e+01   1.5848988e+01   1.4871559e+01   1.3797824e+01   1.2649925e+01   1.1417168e+01   1.0101381e+01   8.7064725e+00   7.2377346e+00   5.7036059e+00   4.1151915e+00   2.4860124e+00   8.3153063e-01  -8.3153386e-01  -2.4855914e+00
   2.4144555e+01   2.3914037e+01   2.3665493e+01   2.3397221e+01   2.3107340e+01   2.2793524e+01   1.6920437e+01   1.8696105e+01   2.6755735e+01   2.6673135e+01   2.0784142e+01   2.0273227e+01   2.4923378e+01   1.9112378e+01   1.4911477e+01   1.8590098e+01   1.6970717e+01   1.6133232e+01   1.5227948e+01   1.4251625e+01   1.3201927e+01   1.2077562e+01   1.0878566e+01   9.6065962e+00   8.2651883e+00   6.8599434e+00   5.3986092e+00   3.8910211e+00   2.3488809e+00   7.8524182e-01  -3.6457761e+00   1.8041529e+00
   2.3779006e+01   2.3533936e+01   2.3270328e+01   2.2986517e+01   2.2680668e+01   2.2350134e+01   9.1664728e+00   2.1609529e+01   2.2907434e+01   2.0745386e+01   2.0258929e+01   2.2353544e+01   1.9162807e+01   1.5193644e+01   1.2276409e+01   1.7159107e+01   1.6382452e+01   1.5545502e+01   1.4645671e+01   1.3680709e+01   1.2649111e+01   1.1550336e+01   1.0385038e+01   9.1552701e+00   7.8646701e+00   6.5185737e+00   5.1240473e+00   3.6898108e+00   2.2260424e+00   7.4406254e-01  -7.4425403e-01  -2.5591320e+00
   2.3411120e+01   2.3152280e+01   2.2874511e+01   2.2576198e+01   2.2255330e+01   1.5492991e+01   1.8036037e+01   2.1139770e+01   2.0709453e+01   2.0245372e+01   1.9745268e+01   1.9206963e+01   1.5392522e+01   8.2427042e+00   1.1024156e+01   1.6601681e+01   1.5824282e+01   1.4990634e+01   1.4098892e+01   1.3147488e+01   1.2135559e+01   1.1063128e+01   9.9312707e+00   8.7422743e+00   7.4997579e+00   6.2087425e+00   4.8756521e+00   3.5082321e+00   2.1153792e+00   7.0683695e-01  -1.7307315e+00  -2.1151096e+00
   2.3042205e+01   2.2770418e+01   2.2479428e+01   2.2167681e+01   2.1833017e+01   7.0556008e+00   5.3841939e+00   2.0676837e+01   2.0233894e+01   1.9757602e+01   1.9246063e+01   1.8696765e+01   1.8106548e+01   4.8365193e+00   1.6795924e+01   1.6070856e+01   1.5294934e+01   1.4466948e+01   1.3585349e+01   1.2649111e+01   1.1657868e+01   1.0612054e+01   9.5130299e+00   8.3631988e+00   7.1660858e+00   5.9263776e+00   4.6499056e+00   3.3435654e+00   2.0151709e+00   6.7309078e-01  -1.1219342e-01   3.7144261e+00
   2.2673453e+01   2.2389573e+01   2.2086323e+01   2.1762216e+01   2.1415638e+01   2.1044393e+01   2.0647608e+01   2.0223455e+01   1.9768830e+01   1.9282133e+01   1.8761191e+01   1.8203777e+01   1.7607640e+01   1.6970103e+01   1.6290441e+01   1.5565235e+01   1.4793155e+01   1.3972718e+01   1.3102829e+01   1.2182893e+01   1.1212923e+01   1.0193649e+01   9.1266136e+00   8.0142542e+00   6.8599566e+00   5.6680726e+00   4.4438935e+00   3.1935747e+00   1.9240100e+00   6.4265739e-01  -6.4250978e-01  -1.9236859e+00
