  -1.6075360e+01  -2.7487768e+01   1.4428395e+01  -1.0659097e+00  -1.1060357e+00   2.2070466e+01  -1.2024363e+00  -2.3704559e+01  -1.2453883e+01  -1.0760097e+01  -1.1857086e+01  -2.0424283e+01  -2.7918463e+01  -2.6923709e+01  -2.8026718e+01   0.0000000e+00   0.0000000e+00   0.0000000e+00   0.0000000e+00   0.0000000e+00   0.0000000e+00   0.0000000e+00  -3.7381124e+00  -1.7059157e+01  -9.5842508e+00  -6.8207722e+00  -2.5861528e+00   8.9251860e-01   2.4857227e+00   3.4570904e+00  -5.9807354e+00  -9.9013499e+00
  -4.7753888e+00  -1.9589885e+01   1.8218940e+01   1.8880901e-03   2.7691132e+01   2.3099289e-03  -8.2203259e-04  -2.0027491e+01  -1.5425787e+01  -2.4239858e+01  -2.9919111e-03  -1.1237564e+01  -2.0469873e+01  -2.1514265e+01  -2.4307008e+01   0.0000000e+00   0.0000000e+00   0.0000000e+00   0.0000000e+00   0.0000000e+00   0.0000000e+00   0.0000000e+00   5.9205621e+00   1.1475635e+01   3.8302104e+00   7.1899062e+00   4.9932244e+00   4.5197904e+00   7.8934942e+00   5.9537322e+00   8.3782733e-01   1.8759961e+00
   9.5953223e-01   8.1117763e+00  -2.4618188e+01   1.0654686e+00   1.1088953e+00   1.1528889e+00   1.2019847e+00   1.2550089e+00   1.3119587e+00  -1.7470236e+01  -2.3795287e+01   1.5245705e+00  -1.9856721e+01  -2.4292083e+01  -1.8374005e+01  -1.1944503e+01  -4.3624867e+00  -4.2387170e+00   1.0960489e+00   5.5269992e-01   1.2549330e+00   4.7319832e+00   6.3476565e+00   5.4512498e+00   8.5908135e+00   7.0431097e+00   7.6190381e+00   1.0139636e+01   1.0253779e+01   1.0319518e+01   1.3897931e+01   2.2731519e+01
   2.7582967e+01   1.9817754e+00   7.2760557e+00  -9.7136838e+00  -1.3721173e+01  -1.1512097e+01   2.3983917e-01   2.5019406e+00  -1.1452668e+01   7.4912139e+00  -5.1472658e+00   9.7168809e+00  -1.1992256e+01  -1.3275335e+01  -1.6573751e+01  -9.1911583e+00  -5.5581826e+00  -1.1361911e+00   1.5974123e+00   2.7081073e+00   3.7634438e+00   6.2425142e+00   5.4063969e+00   1.0058112e+01   1.2684920e+01   1.1269176e+01   1.3601247e+01   1.5690273e+01   1.2963708e+01   1.5998651e+01   2.4699764e+01   2.7255491e+01
   2.8628647e+00   2.9609566e+00   3.0675893e+00   3.1811447e+00   3.3033974e+00  -1.1555431e+01  -1.0653877e+01  -1.1989909e+01   3.9066984e+00   4.0944772e+00  -5.8489701e+00  -5.1913855e+00  -3.6040168e+00  -7.1539161e+00  -8.5718403e+00  -2.4285259e+00  -4.0419487e+00  -1.5895781e+00   4.1610514e+00   1.8973885e+00   4.4641013e+00   4.1434126e+00   9.1565049e+00   1.4165550e+01   8.6846782e+00   1.7892079e+01   1.5312349e+01   1.5875110e+01   1.8387119e+01   2.5561554e+01   2.3650179e+01   2.8255623e+01
   3.8003844e+00   3.9311921e+00   4.0712336e+00   4.2215036e+00   4.3831401e+00   4.5568419e+00   4.7447227e+00  -1.1837050e+01  -1.2371463e+01  -1.2935573e+01   5.6811340e+00   5.9765381e+00  -2.8914688e+00   6.4254812e+00  -2.2240049e+01   9.2136016e+00  -9.9936758e+00   6.7727844e+00  -1.2817635e+01   1.1877675e+00   5.3276834e+00   1.3078975e+01   1.5464653e+01   1.1862629e+01   1.4939229e+01   1.9388165e+01   2.5102828e+01   1.9007005e+01   1.9080438e+01   2.1973026e+01   2.7612913e+01   2.8283468e+01
   4.7265416e+00   4.8875073e+00   5.0596443e+00   5.2441262e+00   5.4423028e+00   5.6557232e+00   5.8861618e+00   6.1350029e+00   6.4060141e+00   6.7001975e+00  -2.2742406e+01   7.3782531e+00   7.7698876e+00   8.2024242e+00   8.6808870e+00  -2.1769945e+01   1.0811550e+01   7.8116197e+00   7.5243097e+00  -3.6835144e+00   8.7238214e+00   1.8094982e+01   1.8033700e+01   1.6836742e+01   2.1144545e+01   2.0306150e+01   1.9926209e+01   5.9500498e+00   1.4527781e+01   2.7556845e+01  -8.9167403e+00  -3.5748667e+00
   5.6373224e+00   5.8268563e+00   6.0292754e+00   6.2458927e+00   6.4782106e+00   6.7279437e+00   6.9970548e+00   7.2878003e+00   7.6027829e+00   7.9449988e+00   8.3166832e+00   3.7391506e+00   9.1728754e+00   5.5476061e+00   5.0604864e+00   1.0812207e+01  -1.3268130e+01   1.2238455e+01   1.2644930e+01   1.8288428e+01   2.6709940e+01   2.1178180e+00   1.8728144e+01   2.2849521e+01   2.3140587e+01   1.9054130e+01   1.1503855e+01   2.3536408e+01   2.7439540e+01   2.8186597e+01   2.8220759e+01   2.7795338e+01
   6.5302055e+00   6.7464983e+00   6.9771437e+00   7.2235518e+00   7.4873269e+00   7.7702869e+00   8.0744972e+00   8.4023110e+00   8.7564157e+00   9.1398884e+00   9.5562549e+00   1.0009365e+01   1.0504509e+01   1.1046263e+01   1.1641143e+01   9.9501902e+00   1.3408253e+01   1.3918747e+01   1.8242521e+01   1.6901923e+01   1.6185215e+01   1.7659381e+01   1.7233898e+01   2.0726254e+01   1.8608230e+01   2.3704688e+01   1.8279258e+01   2.6636219e+01   2.7656711e+01   2.8282276e+01   2.8282275e+01   2.7993629e+01
   7.4029369e+00   7.6440050e+00   7.9006325e+00   8.1742843e+00   8.4666159e+00   8.7794882e+00   9.1149967e+00   9.4755043e+00   9.8636789e+00   1.0282534e+01   1.0735475e+01   1.1226341e+01   1.1759407e+01   1.2877301e+01   1.3769297e+01   1.6274670e+01   1.6163022e+01   1.8972388e+01   1.7369085e+01   1.7141980e+01   1.7115560e+01   2.0203484e+01   2.0634053e+01   1.7222583e+01   2.3080390e+01   2.4651647e+01   2.5912622e+01   2.6706622e+01   2.7799909e+01   2.6647521e+01   2.8229198e+01  -8.0156603e-01
   8.2535499e+00   8.5172813e+00   8.7975132e+00   9.0957246e+00   9.4135745e+00   9.7529106e+00   1.0115792e+01   1.0504515e+01   1.0921632e+01   1.1369837e+01   1.1852526e+01   1.2373357e+01   1.1247860e+01   9.8280925e+00   1.4202649e+01   1.8400808e+01   1.7550452e+01   1.6099767e+01   1.7432299e+01   2.5835954e+01   1.7105217e+01   2.2400182e+01   1.8976633e+01   2.1469546e+01   2.4134161e+01   1.9558726e+01   2.6360873e+01   2.6379136e+01   2.7899414e+01   2.8240741e+01   2.8165403e+01   2.5875278e+01
   9.0803747e+00   9.3645747e+00   9.6659535e+00   9.9859671e+00   1.0326235e+01   1.0688536e+01   1.1074526e+01   1.1487252e+01   1.1928194e+01   8.9482084e+00   7.7762990e+00   1.4252359e+01   1.4032994e+01   1.8103297e+01   1.6675787e+01   1.5130593e+01   2.0185381e+01   1.7668960e+01   1.8559603e+01   2.2016839e+01   1.6877201e+01   1.8976399e+01   1.8427054e+01   2.3714560e+01   2.4783124e+01   2.5792859e+01   2.6696337e+01   2.7439743e+01   2.7971344e+01   2.8248972e+01   2.8147735e+01   2.8275843e+01
   9.8816544e+00   1.0184154e+01   1.0504504e+01   1.0843203e+01   1.1203004e+01   1.1584642e+01   4.5125887e+00   1.0816106e+01   1.2882801e+01   1.4852300e+01   1.3896515e+01   1.4455299e+01   1.3737724e+01   1.5631997e+01   1.4374210e+01   2.1339201e+01   2.4326962e+01   1.3363464e+01   1.8287392e+01   1.9465883e+01   1.9028595e+01   2.0165218e+01   2.3369000e+01   2.4350677e+01   2.5298220e+01   2.6178364e+01   2.6833077e+01   2.7580918e+01   2.8024909e+01   2.8255097e+01   2.8255112e+01   2.8025007e+01
   1.8306362e+00   3.7463030e+00   1.1311480e+01   3.5177411e+00   8.9475773e+00   1.2441190e+01   1.2862728e+01   1.3310170e+01   1.3785107e+01   2.0791043e+01   1.4823896e+01   1.3824863e+01   1.8420994e+01   1.4825956e+01   2.0220561e+01   1.6362632e+01   1.6103321e+01   2.1888226e+01   2.2657311e+01   1.7085620e+01   2.0974968e+01   2.3080522e+01   2.3985013e+01   2.4870132e+01   2.5712178e+01   2.5300944e+01   2.7152857e+01   2.7689748e+01   2.8065857e+01   2.8259745e+01   2.8223813e+01  -3.4473193e-01
   1.1405508e+01   1.1737808e+01   1.2088111e+01   1.2456758e+01   1.2846221e+01   1.3257283e+01   1.3691324e+01   1.4150039e+01   1.4634661e+01   1.4420490e+01   1.4553225e+01   1.0520654e+01   1.4835476e+01   1.3668530e+01   2.5301693e+01   1.8881312e+01   1.8977172e+01   2.2041531e+01   1.9315241e+01   2.2003248e+01   2.2836417e+01   2.3673075e+01   2.4499428e+01   2.5298221e+01   2.6048794e+01   2.4563099e+01   2.7311676e+01   2.7775337e+01   2.8097848e+01   2.8263378e+01   2.8047140e+01   2.8281775e+01
   1.2126740e+01   1.2470645e+01   1.2832094e+01   1.3212178e+01   1.3612055e+01   1.4032929e+01   1.4476122e+01   1.6087340e+01   1.2284793e+01   1.5758025e+01   2.0860411e+01   1.3371498e+01   1.7669068e+01   2.0728859e+01   1.8959054e+01   1.9646401e+01   2.3196066e+01   2.4819532e+01   2.1140977e+01   2.2326575e+01   2.3404537e+01   2.4177042e+01   2.4932019e+01   2.5654085e+01   2.6325479e+01   2.6927360e+01   2.7439773e+01   2.7843817e+01   2.8123310e+01   2.8266250e+01   2.8266255e+01  -2.8157065e+01
   1.2819768e+01   1.3173298e+01   1.3543984e+01   1.3932782e+01   1.4340696e+01   1.4768867e+01   1.5916296e+01   1.5689558e+01   1.7228610e+01   1.8025511e+01   1.3668119e+01   1.7813276e+01   2.1402983e+01   1.9026315e+01   1.9669642e+01   2.3271974e+01   2.2409436e+01   2.1458542e+01   2.4330074e+01   2.3166013e+01   2.3895001e+01   2.4607485e+01   2.5297975e+01   2.5952228e+01   2.2187899e+01   2.7091305e+01   2.7544389e+01   2.7899433e+01   2.8143902e+01   2.8268568e+01   2.8272941e+01   2.8269467e+01
   1.3484911e+01   1.3846134e+01   1.4223978e+01   1.4619266e+01   1.5032931e+01   1.7429689e+01   1.5918394e+01   1.9230169e+01   1.9296275e+01   1.9997296e+01   1.7941092e+01   1.7096306e+01   1.9085436e+01   1.9689983e+01   2.0315194e+01   2.3225088e+01   2.1338742e+01   2.2085793e+01  -3.6836867e+00   2.4673320e+00   2.4314818e+01   8.1681849e+00   1.8288493e+01   2.6204231e+01   2.6747926e+01   2.7227879e+01   2.7630905e+01   2.7945200e+01   2.8160789e+01   2.8270467e+01   2.8227253e+01   2.8271707e+01
   1.4122314e+01   1.4489418e+01   1.4872495e+01   1.5272225e+01   1.5689361e+01   1.7634560e+01   1.6578485e+01   2.0456432e+01   2.2722560e+01   1.7575730e+01   1.8586557e+01   1.9137788e+01   1.9707795e+01   2.0296421e+01   2.4257727e+01   2.3553474e+01   2.0002738e+01   2.2787146e+01   2.3426685e+01   2.4059026e+01   2.4690485e+01   2.5297814e+01   2.5877563e+01   2.6418972e+01   2.6910915e+01   2.7342553e+01   2.7703229e+01   2.7983302e+01   2.8174807e+01   2.8272046e+01   2.8272045e+01   2.8174844e+01
   1.4732294e+01   1.5103603e+01   1.5490141e+01   1.5892452e+01   1.6311065e+01   1.6746798e+01   2.2664925e+01   2.1223941e+01  -9.1722769e+00  -9.4097739e+00   1.9183833e+01   1.9722988e+01   1.3372555e+01   2.0849869e+01   2.4034306e+01   2.1316854e+01   2.2627301e+01   2.3231850e+01   2.3835050e+01   2.4431356e+01   2.5014178e+01   2.5576014e+01   2.6108558e+01   2.6602882e+01   2.7049707e+01   2.7439774e+01   2.7764276e+01   2.8015352e+01   2.8186571e+01   2.8273369e+01   2.8048321e+01   2.8226672e+01
   1.5315316e+01   1.5689291e+01   1.6077681e+01   1.6480899e+01   1.6899329e+01   1.7334114e+01   2.6757724e+01   1.8249062e+01   1.6590644e+01   1.9225737e+01   1.9737674e+01  -1.7329717e+01   2.0803530e+01   2.3856932e+01   2.5481165e+01   2.2484774e+01   2.3056783e+01   2.3629163e+01   2.4197196e+01   2.4755569e+01   2.5298221e+01   2.5818399e+01   2.6308763e+01   2.6761559e+01   2.7168860e+01   2.7522867e+01   2.7816257e+01   2.8042562e+01   2.8196538e+01   2.8274483e+01   2.8274478e+01   2.8168259e+01
   1.5871971e+01   1.6247214e+01   1.6636008e+01   1.7038640e+01   1.7455666e+01   2.3663627e+01   2.1787643e+01   1.8791225e+01   1.9264438e+01   1.9751580e+01   2.0251528e+01   2.0762769e+01   2.3729101e+01   2.7056567e+01   2.6047418e+01   2.2899436e+01   2.3443381e+01   2.3985014e+01   2.4519813e+01   2.5042834e+01   2.5548546e+01   2.6030889e+01   2.6483388e+01   2.6899306e+01   2.7271847e+01   2.7594411e+01   2.7860869e+01   2.8065857e+01   2.8205056e+01   2.8275438e+01   2.8231269e+01   2.8205076e+01
   1.6402951e+01   1.6778202e+01   1.7166109e+01   1.7566842e+01   1.7981084e+01   2.7390117e+01   2.7767075e+01   1.9299441e+01   1.9763338e+01   2.0239495e+01   2.0726530e+01   2.1223359e+01   2.1729080e+01   2.7867689e+01   2.2757349e+01   2.3275042e+01   2.3792120e+01   2.4304473e+01   2.4808029e+01   2.5298221e+01   2.5770024e+01   2.6218015e+01   2.6636484e+01   2.7019565e+01   2.7361418e+01   2.7656429e+01   2.7899433e+01   2.8085950e+01   2.8212392e+01   2.8276261e+01   2.8284049e+01   2.8039312e+01
   1.6909007e+01   1.7283143e+01   1.7669022e+01   1.8066708e+01   1.8476213e+01   1.8897976e+01   1.9330708e+01   1.9774021e+01   2.0228528e+01   2.0692978e+01   2.1166428e+01   2.1647690e+01   2.2135289e+01   2.2627762e+01   2.3121885e+01   2.3616170e+01   2.4107314e+01   2.4591933e+01   2.5066230e+01   2.5526009e+01   2.5966716e+01   2.6383508e+01   2.6771345e+01   2.7125113e+01   2.7439770e+01   2.7710521e+01   2.7932988e+01   2.8103400e+01   2.8218756e+01   2.8276969e+01   2.8276973e+01   2.8218778e+01
