  -2.8239069e+01  -2.8279238e+01  -2.8159241e+01  -2.7885083e+01  -2.7469991e+01  -2.6932716e+01  -2.6295364e+01  -2.5581188e+01  -2.4812723e+01  -2.4010430e+01  -2.3191917e+01  -2.2371633e+01  -2.1560933e+01  -2.0768350e+01  -2.0000000e+01  -1.9259998e+01  -1.8550870e+01  -1.7873915e+01  -1.7229510e+01  -1.6617360e+01  -1.6036694e+01  -1.5486421e+01  -1.4965244e+01  -1.4471748e+01  -1.4004463e+01  -1.3561908e+01  -1.3142628e+01  -1.2745209e+01  -1.2368299e+01  -1.2010609e+01  -1.1670923e+01  -1.1348100e+01
  -2.8231409e+01  -2.8278383e+01  -2.8138159e+01  -2.7818915e+01  -2.7338489e+01  -2.6721752e+01  -2.5997347e+01  -2.5194550e+01  -2.4340784e+01  -2.3460019e+01  -2.2572019e+01  -2.1692249e+01  -2.0832211e+01  -2.0000000e+01  -1.9200928e+01  -1.8438129e+01  -1.7713093e+01  -1.7026107e+01  -1.6376607e+01  -1.5763452e+01  -1.5185132e+01  -1.4639917e+01  -1.4125966e+01  -1.3641406e+01  -1.3184387e+01  -1.2753111e+01  -1.2345860e+01  -1.1961007e+01  -1.1597024e+01  -1.1252481e+01  -1.0926047e+01  -1.0616486e+01
  -2.8221626e+01  -2.8277290e+01  -2.8111277e+01  -2.7735010e+01  -2.7173101e+01  -2.6459146e+01  -2.5630730e+01  -2.4724902e+01  -2.3774939e+01  -2.2808578e+01  -2.1847492e+01  -2.0907630e+01  -2.0000000e+01  -1.9131622e+01  -1.8306452e+01  -1.7526187e+01  -1.6790928e+01  -1.6099689e+01  -1.5450786e+01  -1.4842112e+01  -1.4271339e+01  -1.3736056e+01  -1.3233863e+01  -1.2762427e+01  -1.2319523e+01  -1.1903054e+01  -1.1511060e+01  -1.1141720e+01  -1.0793353e+01  -1.0464409e+01  -1.0153462e+01  -9.8592032e+00
  -2.8208858e+01  -2.8275862e+01  -2.8076265e+01  -2.7626502e+01  -2.6961434e+01  -2.6127373e+01  -2.5174228e+01  -2.4149003e+01  -2.3091721e+01  -2.2033778e+01  -2.0998048e+01  -2.0000000e+01  -1.9049174e+01  -1.8150657e+01  -1.7306358e+01  -1.6516020e+01  -1.5777986e+01  -1.5089753e+01  -1.4448358e+01  -1.3850640e+01  -1.3293414e+01  -1.2773577e+01  -1.2288178e+01  -1.1834448e+01  -1.1409817e+01  -1.1011921e+01  -1.0638590e+01  -1.0287845e+01  -9.9578821e+00  -9.6470588e+00  -9.3538826e+00  -9.0769964e+00
  -2.8191755e+01  -2.8273947e+01  -2.8029499e+01  -2.7482910e+01  -2.6685083e+01  -2.5701262e+01  -2.4598432e+01  -2.3436035e+01  -2.2261303e+01  -2.1108422e+01  -2.0000000e+01  -1.8949458e+01  -1.7963493e+01  -1.7044177e+01  -1.6190583e+01  -1.5399966e+01  -1.4668572e+01  -1.3992183e+01  -1.3366462e+01  -1.2787161e+01  -1.2250245e+01  -1.1751955e+01  -1.1288833e+01  -1.0857726e+01  -1.0455774e+01  -1.0080397e+01  -9.7292651e+00  -9.4002839e+00  -9.0915677e+00  -8.8014197e+00  -8.5283118e+00  -8.2708673e+00
  -2.8168114e+01  -2.8271294e+01  -2.7965098e+01  -2.7287642e+01  -2.6315923e+01  -2.5143997e+01  -2.3862350e+01  -2.2545171e+01  -2.1246152e+01  -2.0000000e+01  -1.8826431e+01  -1.7734504e+01  -1.6726290e+01  -1.5799605e+01  -1.4949891e+01  -1.4171446e+01  -1.3458182e+01  -1.2804073e+01  -1.2203404e+01  -1.1650889e+01  -1.1141720e+01  -1.0671568e+01  -1.0236557e+01  -9.8332377e+00  -9.4585388e+00  -9.1097330e+00  -8.7843972e+00  -8.4803768e+00  -8.1957546e+00  -7.9288218e+00  -7.6780529e+00  -7.4420841e+00
  -2.8134133e+01  -2.8267470e+01  -2.7873021e+01  -2.7013293e+01  -2.5809661e+01  -2.4400783e+01  -2.2908623e+01  -2.1422789e+01  -2.0000000e+01  -1.8670861e+01  -1.7448048e+01  -1.6333169e+01  -1.5321627e+01  -1.4405770e+01  -1.3576773e+01  -1.2825708e+01  -1.2144100e+01  -1.1524190e+01  -1.0959013e+01  -1.0442402e+01  -9.9689325e+00  -9.5338530e+00  -9.1330089e+00  -8.7627691e+00  -8.4199572e+00  -8.1017914e+00  -7.8058306e+00  -7.5299279e+00  -7.2721913e+00  -7.0309487e+00  -6.8047188e+00  -6.5921861e+00
  -2.8082798e+01  -2.8261671e+01  -2.7735010e+01  -2.6612315e+01  -2.5094281e+01  -2.3389013e+01  -2.1657404e+01  -2.0000000e+01  -1.8467921e+01  -1.7079675e+01  -1.5835159e+01  -1.4725002e+01  -1.3736056e+01  -1.2854362e+01  -1.2066598e+01  -1.1360703e+01  -1.0726058e+01  -1.0153462e+01  -9.6350024e+00  -9.1639052e+00  -8.7343740e+00  -8.3414470e+00  -7.9808688e+00  -7.6489806e+00  -7.3426268e+00  -7.0590776e+00  -6.7959628e+00  -6.5512178e+00  -6.3230380e+00  -6.1098402e+00  -5.9102315e+00  -5.7229819e+00
  -2.8000000e+01  -2.8252257e+01  -2.7515115e+01  -2.5997347e+01  -2.4049130e+01  -2.1983805e+01  -2.0000000e+01  -1.8192219e+01  -1.6589003e+01  -1.5185132e+01  -1.3961272e+01  -1.2894117e+01  -1.1961007e+01  -1.1141720e+01  -1.0418918e+01  -9.7780241e+00  -9.2068963e+00  -8.6954472e+00  -8.2352941e+00  -7.8194531e+00  -7.4420841e+00  -7.0982818e+00  -6.7839069e+00  -6.4954494e+00  -6.2299182e+00  -5.9847522e+00  -5.7577481e+00  -5.5470020e+00  -5.3508612e+00  -5.1678855e+00  -4.9968143e+00  -4.8365404e+00
  -2.7853885e+01  -2.8235463e+01  -2.7134954e+01  -2.4997297e+01  -2.2467832e+01  -2.0000000e+01  -1.7796413e+01  -1.5904529e+01  -1.4303908e+01  -1.2952968e+01  -1.1808688e+01  -1.0833301e+01  -9.9956775e+00  -9.2708120e+00  -8.6387958e+00  -8.0837896e+00  -7.5931456e+00  -7.1567054e+00  -6.7662529e+00  -6.4150943e+00  -6.0977351e+00  -5.8096321e+00  -5.5470020e+00  -5.3066731e+00  -5.0859694e+00  -4.8826189e+00  -4.6946819e+00  -4.5204933e+00  -4.3586162e+00  -4.2078048e+00  -4.0669740e+00  -3.9351746e+00
  -2.7559945e+01  -2.8200960e+01  -2.6399000e+01  -2.3255107e+01  -2.0000000e+01  -1.7181284e+01  -1.4887557e+01  -1.3049026e+01  -1.1569848e+01  -1.0366879e+01  -9.3758398e+00  -8.5487473e+00  -7.8500068e+00  -7.2530686e+00  -6.7379223e+00  -6.2893001e+00  -5.8954036e+00  -5.5470020e+00  -5.2367867e+00  -4.9589072e+00  -4.7086308e+00  -4.4820925e+00  -4.2761076e+00  -4.0880301e+00  -3.9156449e+00  -3.7570842e+00  -3.6107629e+00  -3.4753272e+00  -3.3496145e+00  -3.2326209e+00  -3.1234752e+00  -3.0214180e+00
  -2.6832816e+01  -2.8111277e+01  -2.4724902e+01  -2.0000000e+01  -1.6099689e+01  -1.3233863e+01  -1.1141720e+01  -9.5804333e+00  -8.3834358e+00  -7.4420841e+00  -6.6850322e+00  -6.0643541e+00  -5.5470020e+00  -5.1095966e+00  -4.7352028e+00  -4.4112877e+00  -4.1283969e+00  -3.8792743e+00  -3.6582646e+00  -3.4608986e+00  -3.2836002e+00  -3.1234752e+00  -2.9781575e+00  -2.8456942e+00  -2.7244597e+00  -2.6130902e+00  -2.5104334e+00  -2.4155090e+00  -2.3274781e+00  -2.2456183e+00  -2.1693046e+00  -2.0979933e+00
  -2.4253563e+01  -2.7735010e+01  -2.0000000e+01  -1.3736056e+01  -1.0153462e+01  -7.9808688e+00  -6.5512178e+00  -5.5470020e+00  -4.8056933e+00  -4.2371360e+00  -3.7877701e+00  -3.4239348e+00  -3.1234752e+00  -2.8712407e+00  -2.6565321e+00  -2.4715856e+00  -2.3106337e+00  -2.1693046e+00  -2.0442248e+00  -1.9327506e+00  -1.8327810e+00  -1.7426258e+00  -1.6609096e+00  -1.5865023e+00  -1.5184668e+00  -1.4560191e+00  -1.3984988e+00  -1.3453456e+00  -1.2960807e+00  -1.2502931e+00  -1.2076273e+00  -1.1677750e+00
  -8.9442719e+00  -2.0000000e+01  -5.5470020e+00  -3.1234752e+00  -2.1693046e+00  -1.6609096e+00  -1.3453456e+00  -1.1304668e+00  -9.7474036e-01  -8.5670587e-01  -7.6416072e-01  -6.8965517e-01  -6.2838422e-01  -5.7710986e-01  -5.3357053e-01  -4.9613894e-01  -4.6361429e-01  -4.3509115e-01  -4.0987393e-01  -3.8741942e-01  -3.6729722e-01  -3.4916193e-01  -3.3273311e-01  -3.1778074e-01  -3.0411437e-01  -2.9157493e-01  -2.8002856e-01  -2.6936180e-01  -2.5947781e-01  -2.5029348e-01  -2.4173708e-01  -2.3374633e-01
   2.0000000e+01   2.6832816e+01   1.4552138e+01   8.9442719e+00   6.3599873e+00   4.9153915e+00   4.0000000e+00   3.3699357e+00   2.9104275e+00   2.5607376e+00   2.2858180e+00   2.0640627e+00   1.8814417e+00   1.7284536e+00   1.5984378e+00   1.4865883e+00   1.3893505e+00   1.3040397e+00   1.2285902e+00   1.1613870e+00   1.1011492e+00   1.0468478e+00   9.9764722e-01   9.5286123e-01   9.1192151e-01   8.7435320e-01   8.3975651e-01   8.0779239e-01   7.7817150e-01   7.5064536e-01   7.2499943e-01   7.0104749e-01
   2.5997347e+01   2.8000000e+01   2.3015858e+01   1.7364863e+01   1.3409568e+01   1.0769231e+01   8.9442719e+00   7.6262859e+00   6.6366365e+00   5.8691053e+00   5.2578104e+00   4.7601428e+00   4.3474907e+00   4.0000000e+00   3.7034964e+00   3.4476066e+00   3.2245741e+00   3.0284874e+00   2.8547659e+00   2.6998065e+00   2.5607376e+00   2.4352430e+00   2.3214342e+00   2.2177566e+00   2.1229185e+00   2.0358388e+00   1.9556048e+00   1.8814417e+00   1.8126870e+00   1.7487708e+00   1.6892008e+00   1.6335489e+00
   2.7287642e+01   2.8168114e+01   2.5749052e+01   2.1890818e+01   1.8270006e+01   1.5365467e+01   1.3124100e+01   1.1391168e+01   1.0031137e+01   8.9442719e+00   8.0601764e+00   7.3292627e+00   6.7161876e+00   6.1953399e+00   5.7478294e+00   5.3594809e+00   5.0194831e+00   4.7194655e+00   4.4528574e+00   4.2144357e+00   4.0000000e+00   3.8061372e+00   3.6300467e+00   3.4694101e+00   3.3222926e+00   3.1870673e+00   3.0623565e+00   2.9469866e+00   2.8399511e+00   2.7403827e+00   2.6475297e+00   2.5607376e+00
   2.7735010e+01   2.8221626e+01   2.6832816e+01   2.4253563e+01   2.1374115e+01   1.8713486e+01   1.6439899e+01   1.4552138e+01   1.2994442e+01   1.1704115e+01   1.0626545e+01   9.7179532e+00   8.9442719e+00   8.2792099e+00   7.7024425e+00   7.1981575e+00   6.7539480e+00   6.3599873e+00   6.0084177e+00   5.6928968e+00   5.4082593e+00   5.1502620e+00   4.9153915e+00   4.7007164e+00   4.5037735e+00   4.3224794e+00   4.1550609e+00   4.0000000e+00   3.8559902e+00   3.7219010e+00   3.5967500e+00   3.4796790e+00
   2.7938156e+01   2.8245178e+01   2.7352999e+01   2.5561566e+01   2.3343214e+01   2.1078607e+01   1.8976294e+01   1.7114339e+01   1.5500523e+01   1.4112846e+01   1.2920388e+01   1.1892433e+01   1.1001791e+01   1.0225552e+01   9.5448468e+00   8.9442719e+00   8.4112801e+00   7.9356329e+00   7.5089430e+00   7.1243043e+00   6.7759980e+00   6.4592605e+00   6.1700996e+00   5.9051506e+00   5.6615611e+00   5.4368996e+00   5.2290827e+00   5.0363164e+00   4.8570481e+00   4.6899286e+00   4.5337799e+00   4.3875696e+00
   2.8046695e+01   2.8257575e+01   2.7638721e+01   2.6339523e+01   2.4623235e+01   2.2745536e+01   2.0887524e+01   1.9150051e+01   1.7575697e+01   1.6172739e+01   1.4932232e+01   1.3838107e+01   1.2872485e+01   1.2018189e+01   1.1259774e+01   1.0583806e+01   9.9788011e+00   9.4350290e+00   8.9442719e+00   8.4995933e+00   8.0951297e+00   7.7259112e+00   7.3877116e+00   7.0769231e+00   6.7904539e+00   6.5256433e+00   6.2801927e+00   6.0521077e+00   5.8396516e+00   5.6413061e+00   5.4557389e+00   5.2817767e+00
   2.8111277e+01   2.8264892e+01   2.7811415e+01   2.6832816e+01   2.5484176e+01   2.3935079e+01   2.2326252e+01   2.0753886e+01   1.9273426e+01   1.7910669e+01   1.6672703e+01   1.5556082e+01   1.4552138e+01   1.3650124e+01   1.2838960e+01   1.2108110e+01   1.1447977e+01   1.0850025e+01   1.0306770e+01   9.8116969e+00   9.3591598e+00   8.9442719e+00   8.5628032e+00   8.2110879e+00   7.8859432e+00   7.5845988e+00   7.3046376e+00   7.0439443e+00   6.8006624e+00   6.5731576e+00   6.3599873e+00   6.1598739e+00
   2.8152750e+01   2.8269567e+01   2.7923396e+01   2.7162693e+01   2.6083596e+01   2.4800000e+01   2.3417077e+01   2.2016846e+01   2.0655195e+01   1.9365546e+01   1.8164721e+01   1.7058478e+01   1.6045815e+01   1.5121951e+01   1.4280257e+01   1.3513431e+01   1.2814185e+01   1.2175602e+01   1.1591316e+01   1.1055576e+01   1.0563238e+01   1.0109741e+01   9.6910496e+00   9.3036058e+00   8.9442719e+00   8.6102807e+00   8.2991894e+00   8.0088388e+00   7.7373164e+00   7.4829255e+00   7.2441573e+00   7.0196676e+00
   2.8180939e+01   2.8272734e+01   2.8000000e+01   2.7393117e+01   2.6514391e+01   2.5441933e+01   2.4253563e+01   2.3015858e+01   2.1779499e+01   2.0579336e+01   1.9436947e+01   1.8363913e+01   1.7364863e+01   1.6439899e+01   1.5586374e+01   1.4800114e+01   1.4076218e+01   1.3409568e+01   1.2795129e+01   1.2228124e+01   1.1704115e+01   1.1219044e+01   1.0769231e+01   1.0351361e+01   9.9624574e+00   9.5998558e+00   9.2611715e+00   8.9442719e+00   8.6472488e+00   8.3683937e+00   8.1061749e+00   7.8592176e+00
   2.8200960e+01   2.8274978e+01   2.8054650e+01   2.7559945e+01   2.6832816e+01   2.5928077e+01   2.4903483e+01   2.3811938e+01   2.2697063e+01   2.1591825e+01   2.0519212e+01   1.9493909e+01   1.8524233e+01   1.7613911e+01   1.6763537e+01   1.5971673e+01   1.5235654e+01   1.4552138e+01   1.3917481e+01   1.3327979e+01   1.2780018e+01   1.2270159e+01   1.1795188e+01   1.1352136e+01   1.0938282e+01   1.0551143e+01   1.0188465e+01   9.8482022e+00   9.5285056e+00   9.2277004e+00   8.9442719e+00   8.6768492e+00
